data; 

set N := 0    1    2    3    4    5    6    7    8    9   10   11   12   13   14   15   16   17   18   19   20   21   22   23   24   25   26   27   28   29   30   31   32   33   34   35   36   37   38   39   40   41   42   43   44   45   46   47   48   49   50   51   52   53   54   55   56   57   58   59   60   61   62   63   64   65   66   67   68   69   70   71   72   73   74   75   76   77   78   79   80   81   82   83   84   85   86   87   88   89   90   91   92   93   94   95   96   97   98   99  100  101  102  103  104  105  106  107  108  109  110  111  112  113  114  115  116  117  118  119  120  121  122  123  124  125  126  127  128  129  130  131  132  133  134  135  136  137  138  139  140  141  142  143  144  145  146  147  148  149  150  151  152  153  154  155  156  157  158  159  160  161  162  163  164  165  166  167  168  169  170  171  172  173  174  175  176  177  178  179  180  181  182  183  184  185  186  187  188  189  190  191  192  193  194  195  196;

set E :=  (0,1) (1,2) (1,15) (2,3) (2,16) (3,4) (3,17) (4,5) (4,18) (5,6) (5,19) (6,7) (6,20) (7,8) (7,21) (8,9) (8,22) (9,10) (9,23) (10,11) (10,24) (11,12) (11,25) (12,13) (12,26) (13,14) (13,27) (14,28) (15,16) (15,29) (16,17) (16,30) (17,18) (17,31) (18,19) (18,32) (19,20) (19,33) (20,21) (20,34) (21,22) (21,35) (22,23) (22,36) (23,24) (23,37) (24,25) (24,38) (25,26) (25,39) (26,27) (26,40) (27,28) (27,41) (28,42) (29,30) (29,43) (30,31) (30,44) (31,32) (31,45) (32,33) (32,46) (33,34) (33,47) (34,35) (34,48) (35,36) (35,49) (36,37) (36,50) (37,38) (37,51) (38,39) (38,52) (39,40) (39,53) (40,41) (40,54) (41,42) (41,55) (42,56) (43,44) (43,57) (44,45) (44,58) (45,46) (45,59) (46,47) (46,60) (47,48) (47,61) (48,49) (48,62) (49,50) (49,63) (50,51) (50,64) (51,52) (51,65) (52,53) (52,66) (53,54) (53,67) (54,55) (54,68) (55,56) (55,69) (56,70) (57,58) (57,71) (58,59) (58,72) (59,60) (59,73) (60,61) (60,74) (61,62) (61,75) (62,63) (62,76) (63,64) (63,77) (64,65) (64,78) (65,66) (65,79) (66,67) (66,80) (67,68) (67,81) (68,69) (68,82) (69,70) (69,83) (70,84) (71,72) (71,85) (72,73) (72,86) (73,74) (73,87) (74,75) (74,88) (75,76) (75,89) (76,77) (76,90) (77,78) (77,91) (78,79) (78,92) (79,80) (79,93) (80,81) (80,94) (81,82) (81,95) (82,83) (82,96) (83,84) (83,97) (84,98) (85,86) (85,99) (86,87) (86,100) (87,88) (87,101) (88,89) (88,102) (89,90) (89,103) (90,91) (90,104) (91,92) (91,105) (92,93) (92,106) (93,94) (93,107) (94,95) (94,108) (95,96) (95,109) (96,97) (96,110) (97,98) (97,111) (98,112) (99,100) (99,113) (100,101) (100,114) (101,102) (101,115) (102,103) (102,116) (103,104) (103,117) (104,105) (104,118) (105,106) (105,119) (106,107) (106,120) (107,108) (107,121) (108,109) (108,122) (109,110) (109,123) (110,111) (110,124) (111,112) (111,125) (112,126) (113,114) (113,127) (114,115) (114,128) (115,116) (115,129) (116,117) (116,130) (117,118) (117,131) (118,119) (118,132) (119,120) (119,133) (120,121) (120,134) (121,122) (121,135) (122,123) (122,136) (123,124) (123,137) (124,125) (124,138) (125,126) (125,139) (126,140) (127,128) (127,141) (128,129) (128,142) (129,130) (129,143) (130,131) (130,144) (131,132) (131,145) (132,133) (132,146) (133,134) (133,147) (134,135) (134,148) (135,136) (135,149) (136,137) (136,150) (137,138) (137,151) (138,139) (138,152) (139,140) (139,153) (140,154) (141,142) (141,155) (142,143) (142,156) (143,144) (143,157) (144,145) (144,158) (145,146) (145,159) (146,147) (146,160) (147,148) (147,161) (148,149) (148,162) (149,150) (149,163) (150,151) (150,164) (151,152) (151,165) (152,153) (152,166) (153,154) (153,167) (154,168) (155,156) (155,169) (156,157) (156,170) (157,158) (157,171) (158,159) (158,172) (159,160) (159,173) (160,161) (160,174) (161,162) (161,175) (162,163) (162,176) (163,164) (163,177) (164,165) (164,178) (165,166) (165,179) (166,167) (166,180) (167,168) (167,181) (168,182) (169,170) (169,183) (170,171) (170,184) (171,172) (171,185) (172,173) (172,186) (173,174) (173,187) (174,175) (174,188) (175,176) (175,189) (176,177) (176,190) (177,178) (177,191) (178,179) (178,192) (179,180) (179,193) (180,181) (180,194) (181,182) (181,195) (182,196) (183,184) (184,185) (185,186) (186,187) (187,188) (188,189) (189,190) (190,191) (191,192) (192,193) (193,194) (194,195) (195,196);

set F[0,1] :=  (0,1);

set F[1,2] :=  (1,15) (2,3) (2,16) (0,1);

set F[1,15] :=  (1,2) (15,16) (15,29) (0,1);

set F[2,3] :=  (2,16) (3,4) (3,17) (1,2);

set F[2,16] :=  (2,3) (16,17) (16,30) (1,2) (15,16);

set F[3,4] :=  (3,17) (4,5) (4,18) (2,3);

set F[3,17] :=  (3,4) (17,18) (17,31) (2,3) (16,17);

set F[4,5] :=  (4,18) (5,6) (5,19) (3,4);

set F[4,18] :=  (4,5) (18,19) (18,32) (3,4) (17,18);

set F[5,6] :=  (5,19) (6,7) (6,20) (4,5);

set F[5,19] :=  (5,6) (19,20) (19,33) (4,5) (18,19);

set F[6,7] :=  (6,20) (7,8) (7,21) (5,6);

set F[6,20] :=  (6,7) (20,21) (20,34) (5,6) (19,20);

set F[7,8] :=  (7,21) (8,9) (8,22) (6,7);

set F[7,21] :=  (7,8) (21,22) (21,35) (6,7) (20,21);

set F[8,9] :=  (8,22) (9,10) (9,23) (7,8);

set F[8,22] :=  (8,9) (22,23) (22,36) (7,8) (21,22);

set F[9,10] :=  (9,23) (10,11) (10,24) (8,9);

set F[9,23] :=  (9,10) (23,24) (23,37) (8,9) (22,23);

set F[10,11] :=  (10,24) (11,12) (11,25) (9,10);

set F[10,24] :=  (10,11) (24,25) (24,38) (9,10) (23,24);

set F[11,12] :=  (11,25) (12,13) (12,26) (10,11);

set F[11,25] :=  (11,12) (25,26) (25,39) (10,11) (24,25);

set F[12,13] :=  (12,26) (13,14) (13,27) (11,12);

set F[12,26] :=  (12,13) (26,27) (26,40) (11,12) (25,26);

set F[13,14] :=  (13,27) (14,28) (12,13);

set F[13,27] :=  (13,14) (27,28) (27,41) (12,13) (26,27);

set F[14,28] :=  (28,42) (13,14) (27,28);

set F[15,16] :=  (15,29) (16,17) (16,30) (1,15) (2,16);

set F[15,29] :=  (15,16) (29,30) (29,43) (1,15);

set F[16,17] :=  (16,30) (17,18) (17,31) (2,16) (15,16) (3,17);

set F[16,30] :=  (16,17) (30,31) (30,44) (2,16) (15,16) (29,30);

set F[17,18] :=  (17,31) (18,19) (18,32) (3,17) (16,17) (4,18);

set F[17,31] :=  (17,18) (31,32) (31,45) (3,17) (16,17) (30,31);

set F[18,19] :=  (18,32) (19,20) (19,33) (4,18) (17,18) (5,19);

set F[18,32] :=  (18,19) (32,33) (32,46) (4,18) (17,18) (31,32);

set F[19,20] :=  (19,33) (20,21) (20,34) (5,19) (18,19) (6,20);

set F[19,33] :=  (19,20) (33,34) (33,47) (5,19) (18,19) (32,33);

set F[20,21] :=  (20,34) (21,22) (21,35) (6,20) (19,20) (7,21);

set F[20,34] :=  (20,21) (34,35) (34,48) (6,20) (19,20) (33,34);

set F[21,22] :=  (21,35) (22,23) (22,36) (7,21) (20,21) (8,22);

set F[21,35] :=  (21,22) (35,36) (35,49) (7,21) (20,21) (34,35);

set F[22,23] :=  (22,36) (23,24) (23,37) (8,22) (21,22) (9,23);

set F[22,36] :=  (22,23) (36,37) (36,50) (8,22) (21,22) (35,36);

set F[23,24] :=  (23,37) (24,25) (24,38) (9,23) (22,23) (10,24);

set F[23,37] :=  (23,24) (37,38) (37,51) (9,23) (22,23) (36,37);

set F[24,25] :=  (24,38) (25,26) (25,39) (10,24) (23,24) (11,25);

set F[24,38] :=  (24,25) (38,39) (38,52) (10,24) (23,24) (37,38);

set F[25,26] :=  (25,39) (26,27) (26,40) (11,25) (24,25) (12,26);

set F[25,39] :=  (25,26) (39,40) (39,53) (11,25) (24,25) (38,39);

set F[26,27] :=  (26,40) (27,28) (27,41) (12,26) (25,26) (13,27);

set F[26,40] :=  (26,27) (40,41) (40,54) (12,26) (25,26) (39,40);

set F[27,28] :=  (27,41) (28,42) (13,27) (26,27) (14,28);

set F[27,41] :=  (27,28) (41,42) (41,55) (13,27) (26,27) (40,41);

set F[28,42] :=  (42,56) (14,28) (27,28) (41,42);

set F[29,30] :=  (29,43) (30,31) (30,44) (15,29) (16,30);

set F[29,43] :=  (29,30) (43,44) (43,57) (15,29);

set F[30,31] :=  (30,44) (31,32) (31,45) (16,30) (29,30) (17,31);

set F[30,44] :=  (30,31) (44,45) (44,58) (16,30) (29,30) (43,44);

set F[31,32] :=  (31,45) (32,33) (32,46) (17,31) (30,31) (18,32);

set F[31,45] :=  (31,32) (45,46) (45,59) (17,31) (30,31) (44,45);

set F[32,33] :=  (32,46) (33,34) (33,47) (18,32) (31,32) (19,33);

set F[32,46] :=  (32,33) (46,47) (46,60) (18,32) (31,32) (45,46);

set F[33,34] :=  (33,47) (34,35) (34,48) (19,33) (32,33) (20,34);

set F[33,47] :=  (33,34) (47,48) (47,61) (19,33) (32,33) (46,47);

set F[34,35] :=  (34,48) (35,36) (35,49) (20,34) (33,34) (21,35);

set F[34,48] :=  (34,35) (48,49) (48,62) (20,34) (33,34) (47,48);

set F[35,36] :=  (35,49) (36,37) (36,50) (21,35) (34,35) (22,36);

set F[35,49] :=  (35,36) (49,50) (49,63) (21,35) (34,35) (48,49);

set F[36,37] :=  (36,50) (37,38) (37,51) (22,36) (35,36) (23,37);

set F[36,50] :=  (36,37) (50,51) (50,64) (22,36) (35,36) (49,50);

set F[37,38] :=  (37,51) (38,39) (38,52) (23,37) (36,37) (24,38);

set F[37,51] :=  (37,38) (51,52) (51,65) (23,37) (36,37) (50,51);

set F[38,39] :=  (38,52) (39,40) (39,53) (24,38) (37,38) (25,39);

set F[38,52] :=  (38,39) (52,53) (52,66) (24,38) (37,38) (51,52);

set F[39,40] :=  (39,53) (40,41) (40,54) (25,39) (38,39) (26,40);

set F[39,53] :=  (39,40) (53,54) (53,67) (25,39) (38,39) (52,53);

set F[40,41] :=  (40,54) (41,42) (41,55) (26,40) (39,40) (27,41);

set F[40,54] :=  (40,41) (54,55) (54,68) (26,40) (39,40) (53,54);

set F[41,42] :=  (41,55) (42,56) (27,41) (40,41) (28,42);

set F[41,55] :=  (41,42) (55,56) (55,69) (27,41) (40,41) (54,55);

set F[42,56] :=  (56,70) (28,42) (41,42) (55,56);

set F[43,44] :=  (43,57) (44,45) (44,58) (29,43) (30,44);

set F[43,57] :=  (43,44) (57,58) (57,71) (29,43);

set F[44,45] :=  (44,58) (45,46) (45,59) (30,44) (43,44) (31,45);

set F[44,58] :=  (44,45) (58,59) (58,72) (30,44) (43,44) (57,58);

set F[45,46] :=  (45,59) (46,47) (46,60) (31,45) (44,45) (32,46);

set F[45,59] :=  (45,46) (59,60) (59,73) (31,45) (44,45) (58,59);

set F[46,47] :=  (46,60) (47,48) (47,61) (32,46) (45,46) (33,47);

set F[46,60] :=  (46,47) (60,61) (60,74) (32,46) (45,46) (59,60);

set F[47,48] :=  (47,61) (48,49) (48,62) (33,47) (46,47) (34,48);

set F[47,61] :=  (47,48) (61,62) (61,75) (33,47) (46,47) (60,61);

set F[48,49] :=  (48,62) (49,50) (49,63) (34,48) (47,48) (35,49);

set F[48,62] :=  (48,49) (62,63) (62,76) (34,48) (47,48) (61,62);

set F[49,50] :=  (49,63) (50,51) (50,64) (35,49) (48,49) (36,50);

set F[49,63] :=  (49,50) (63,64) (63,77) (35,49) (48,49) (62,63);

set F[50,51] :=  (50,64) (51,52) (51,65) (36,50) (49,50) (37,51);

set F[50,64] :=  (50,51) (64,65) (64,78) (36,50) (49,50) (63,64);

set F[51,52] :=  (51,65) (52,53) (52,66) (37,51) (50,51) (38,52);

set F[51,65] :=  (51,52) (65,66) (65,79) (37,51) (50,51) (64,65);

set F[52,53] :=  (52,66) (53,54) (53,67) (38,52) (51,52) (39,53);

set F[52,66] :=  (52,53) (66,67) (66,80) (38,52) (51,52) (65,66);

set F[53,54] :=  (53,67) (54,55) (54,68) (39,53) (52,53) (40,54);

set F[53,67] :=  (53,54) (67,68) (67,81) (39,53) (52,53) (66,67);

set F[54,55] :=  (54,68) (55,56) (55,69) (40,54) (53,54) (41,55);

set F[54,68] :=  (54,55) (68,69) (68,82) (40,54) (53,54) (67,68);

set F[55,56] :=  (55,69) (56,70) (41,55) (54,55) (42,56);

set F[55,69] :=  (55,56) (69,70) (69,83) (41,55) (54,55) (68,69);

set F[56,70] :=  (70,84) (42,56) (55,56) (69,70);

set F[57,58] :=  (57,71) (58,59) (58,72) (43,57) (44,58);

set F[57,71] :=  (57,58) (71,72) (71,85) (43,57);

set F[58,59] :=  (58,72) (59,60) (59,73) (44,58) (57,58) (45,59);

set F[58,72] :=  (58,59) (72,73) (72,86) (44,58) (57,58) (71,72);

set F[59,60] :=  (59,73) (60,61) (60,74) (45,59) (58,59) (46,60);

set F[59,73] :=  (59,60) (73,74) (73,87) (45,59) (58,59) (72,73);

set F[60,61] :=  (60,74) (61,62) (61,75) (46,60) (59,60) (47,61);

set F[60,74] :=  (60,61) (74,75) (74,88) (46,60) (59,60) (73,74);

set F[61,62] :=  (61,75) (62,63) (62,76) (47,61) (60,61) (48,62);

set F[61,75] :=  (61,62) (75,76) (75,89) (47,61) (60,61) (74,75);

set F[62,63] :=  (62,76) (63,64) (63,77) (48,62) (61,62) (49,63);

set F[62,76] :=  (62,63) (76,77) (76,90) (48,62) (61,62) (75,76);

set F[63,64] :=  (63,77) (64,65) (64,78) (49,63) (62,63) (50,64);

set F[63,77] :=  (63,64) (77,78) (77,91) (49,63) (62,63) (76,77);

set F[64,65] :=  (64,78) (65,66) (65,79) (50,64) (63,64) (51,65);

set F[64,78] :=  (64,65) (78,79) (78,92) (50,64) (63,64) (77,78);

set F[65,66] :=  (65,79) (66,67) (66,80) (51,65) (64,65) (52,66);

set F[65,79] :=  (65,66) (79,80) (79,93) (51,65) (64,65) (78,79);

set F[66,67] :=  (66,80) (67,68) (67,81) (52,66) (65,66) (53,67);

set F[66,80] :=  (66,67) (80,81) (80,94) (52,66) (65,66) (79,80);

set F[67,68] :=  (67,81) (68,69) (68,82) (53,67) (66,67) (54,68);

set F[67,81] :=  (67,68) (81,82) (81,95) (53,67) (66,67) (80,81);

set F[68,69] :=  (68,82) (69,70) (69,83) (54,68) (67,68) (55,69);

set F[68,82] :=  (68,69) (82,83) (82,96) (54,68) (67,68) (81,82);

set F[69,70] :=  (69,83) (70,84) (55,69) (68,69) (56,70);

set F[69,83] :=  (69,70) (83,84) (83,97) (55,69) (68,69) (82,83);

set F[70,84] :=  (84,98) (56,70) (69,70) (83,84);

set F[71,72] :=  (71,85) (72,73) (72,86) (57,71) (58,72);

set F[71,85] :=  (71,72) (85,86) (85,99) (57,71);

set F[72,73] :=  (72,86) (73,74) (73,87) (58,72) (71,72) (59,73);

set F[72,86] :=  (72,73) (86,87) (86,100) (58,72) (71,72) (85,86);

set F[73,74] :=  (73,87) (74,75) (74,88) (59,73) (72,73) (60,74);

set F[73,87] :=  (73,74) (87,88) (87,101) (59,73) (72,73) (86,87);

set F[74,75] :=  (74,88) (75,76) (75,89) (60,74) (73,74) (61,75);

set F[74,88] :=  (74,75) (88,89) (88,102) (60,74) (73,74) (87,88);

set F[75,76] :=  (75,89) (76,77) (76,90) (61,75) (74,75) (62,76);

set F[75,89] :=  (75,76) (89,90) (89,103) (61,75) (74,75) (88,89);

set F[76,77] :=  (76,90) (77,78) (77,91) (62,76) (75,76) (63,77);

set F[76,90] :=  (76,77) (90,91) (90,104) (62,76) (75,76) (89,90);

set F[77,78] :=  (77,91) (78,79) (78,92) (63,77) (76,77) (64,78);

set F[77,91] :=  (77,78) (91,92) (91,105) (63,77) (76,77) (90,91);

set F[78,79] :=  (78,92) (79,80) (79,93) (64,78) (77,78) (65,79);

set F[78,92] :=  (78,79) (92,93) (92,106) (64,78) (77,78) (91,92);

set F[79,80] :=  (79,93) (80,81) (80,94) (65,79) (78,79) (66,80);

set F[79,93] :=  (79,80) (93,94) (93,107) (65,79) (78,79) (92,93);

set F[80,81] :=  (80,94) (81,82) (81,95) (66,80) (79,80) (67,81);

set F[80,94] :=  (80,81) (94,95) (94,108) (66,80) (79,80) (93,94);

set F[81,82] :=  (81,95) (82,83) (82,96) (67,81) (80,81) (68,82);

set F[81,95] :=  (81,82) (95,96) (95,109) (67,81) (80,81) (94,95);

set F[82,83] :=  (82,96) (83,84) (83,97) (68,82) (81,82) (69,83);

set F[82,96] :=  (82,83) (96,97) (96,110) (68,82) (81,82) (95,96);

set F[83,84] :=  (83,97) (84,98) (69,83) (82,83) (70,84);

set F[83,97] :=  (83,84) (97,98) (97,111) (69,83) (82,83) (96,97);

set F[84,98] :=  (98,112) (70,84) (83,84) (97,98);

set F[85,86] :=  (85,99) (86,87) (86,100) (71,85) (72,86);

set F[85,99] :=  (85,86) (99,100) (99,113) (71,85);

set F[86,87] :=  (86,100) (87,88) (87,101) (72,86) (85,86) (73,87);

set F[86,100] :=  (86,87) (100,101) (100,114) (72,86) (85,86) (99,100);

set F[87,88] :=  (87,101) (88,89) (88,102) (73,87) (86,87) (74,88);

set F[87,101] :=  (87,88) (101,102) (101,115) (73,87) (86,87) (100,101);

set F[88,89] :=  (88,102) (89,90) (89,103) (74,88) (87,88) (75,89);

set F[88,102] :=  (88,89) (102,103) (102,116) (74,88) (87,88) (101,102);

set F[89,90] :=  (89,103) (90,91) (90,104) (75,89) (88,89) (76,90);

set F[89,103] :=  (89,90) (103,104) (103,117) (75,89) (88,89) (102,103);

set F[90,91] :=  (90,104) (91,92) (91,105) (76,90) (89,90) (77,91);

set F[90,104] :=  (90,91) (104,105) (104,118) (76,90) (89,90) (103,104);

set F[91,92] :=  (91,105) (92,93) (92,106) (77,91) (90,91) (78,92);

set F[91,105] :=  (91,92) (105,106) (105,119) (77,91) (90,91) (104,105);

set F[92,93] :=  (92,106) (93,94) (93,107) (78,92) (91,92) (79,93);

set F[92,106] :=  (92,93) (106,107) (106,120) (78,92) (91,92) (105,106);

set F[93,94] :=  (93,107) (94,95) (94,108) (79,93) (92,93) (80,94);

set F[93,107] :=  (93,94) (107,108) (107,121) (79,93) (92,93) (106,107);

set F[94,95] :=  (94,108) (95,96) (95,109) (80,94) (93,94) (81,95);

set F[94,108] :=  (94,95) (108,109) (108,122) (80,94) (93,94) (107,108);

set F[95,96] :=  (95,109) (96,97) (96,110) (81,95) (94,95) (82,96);

set F[95,109] :=  (95,96) (109,110) (109,123) (81,95) (94,95) (108,109);

set F[96,97] :=  (96,110) (97,98) (97,111) (82,96) (95,96) (83,97);

set F[96,110] :=  (96,97) (110,111) (110,124) (82,96) (95,96) (109,110);

set F[97,98] :=  (97,111) (98,112) (83,97) (96,97) (84,98);

set F[97,111] :=  (97,98) (111,112) (111,125) (83,97) (96,97) (110,111);

set F[98,112] :=  (112,126) (84,98) (97,98) (111,112);

set F[99,100] :=  (99,113) (100,101) (100,114) (85,99) (86,100);

set F[99,113] :=  (99,100) (113,114) (113,127) (85,99);

set F[100,101] :=  (100,114) (101,102) (101,115) (86,100) (99,100) (87,101);

set F[100,114] :=  (100,101) (114,115) (114,128) (86,100) (99,100) (113,114);

set F[101,102] :=  (101,115) (102,103) (102,116) (87,101) (100,101) (88,102);

set F[101,115] :=  (101,102) (115,116) (115,129) (87,101) (100,101) (114,115);

set F[102,103] :=  (102,116) (103,104) (103,117) (88,102) (101,102) (89,103);

set F[102,116] :=  (102,103) (116,117) (116,130) (88,102) (101,102) (115,116);

set F[103,104] :=  (103,117) (104,105) (104,118) (89,103) (102,103) (90,104);

set F[103,117] :=  (103,104) (117,118) (117,131) (89,103) (102,103) (116,117);

set F[104,105] :=  (104,118) (105,106) (105,119) (90,104) (103,104) (91,105);

set F[104,118] :=  (104,105) (118,119) (118,132) (90,104) (103,104) (117,118);

set F[105,106] :=  (105,119) (106,107) (106,120) (91,105) (104,105) (92,106);

set F[105,119] :=  (105,106) (119,120) (119,133) (91,105) (104,105) (118,119);

set F[106,107] :=  (106,120) (107,108) (107,121) (92,106) (105,106) (93,107);

set F[106,120] :=  (106,107) (120,121) (120,134) (92,106) (105,106) (119,120);

set F[107,108] :=  (107,121) (108,109) (108,122) (93,107) (106,107) (94,108);

set F[107,121] :=  (107,108) (121,122) (121,135) (93,107) (106,107) (120,121);

set F[108,109] :=  (108,122) (109,110) (109,123) (94,108) (107,108) (95,109);

set F[108,122] :=  (108,109) (122,123) (122,136) (94,108) (107,108) (121,122);

set F[109,110] :=  (109,123) (110,111) (110,124) (95,109) (108,109) (96,110);

set F[109,123] :=  (109,110) (123,124) (123,137) (95,109) (108,109) (122,123);

set F[110,111] :=  (110,124) (111,112) (111,125) (96,110) (109,110) (97,111);

set F[110,124] :=  (110,111) (124,125) (124,138) (96,110) (109,110) (123,124);

set F[111,112] :=  (111,125) (112,126) (97,111) (110,111) (98,112);

set F[111,125] :=  (111,112) (125,126) (125,139) (97,111) (110,111) (124,125);

set F[112,126] :=  (126,140) (98,112) (111,112) (125,126);

set F[113,114] :=  (113,127) (114,115) (114,128) (99,113) (100,114);

set F[113,127] :=  (113,114) (127,128) (127,141) (99,113);

set F[114,115] :=  (114,128) (115,116) (115,129) (100,114) (113,114) (101,115);

set F[114,128] :=  (114,115) (128,129) (128,142) (100,114) (113,114) (127,128);

set F[115,116] :=  (115,129) (116,117) (116,130) (101,115) (114,115) (102,116);

set F[115,129] :=  (115,116) (129,130) (129,143) (101,115) (114,115) (128,129);

set F[116,117] :=  (116,130) (117,118) (117,131) (102,116) (115,116) (103,117);

set F[116,130] :=  (116,117) (130,131) (130,144) (102,116) (115,116) (129,130);

set F[117,118] :=  (117,131) (118,119) (118,132) (103,117) (116,117) (104,118);

set F[117,131] :=  (117,118) (131,132) (131,145) (103,117) (116,117) (130,131);

set F[118,119] :=  (118,132) (119,120) (119,133) (104,118) (117,118) (105,119);

set F[118,132] :=  (118,119) (132,133) (132,146) (104,118) (117,118) (131,132);

set F[119,120] :=  (119,133) (120,121) (120,134) (105,119) (118,119) (106,120);

set F[119,133] :=  (119,120) (133,134) (133,147) (105,119) (118,119) (132,133);

set F[120,121] :=  (120,134) (121,122) (121,135) (106,120) (119,120) (107,121);

set F[120,134] :=  (120,121) (134,135) (134,148) (106,120) (119,120) (133,134);

set F[121,122] :=  (121,135) (122,123) (122,136) (107,121) (120,121) (108,122);

set F[121,135] :=  (121,122) (135,136) (135,149) (107,121) (120,121) (134,135);

set F[122,123] :=  (122,136) (123,124) (123,137) (108,122) (121,122) (109,123);

set F[122,136] :=  (122,123) (136,137) (136,150) (108,122) (121,122) (135,136);

set F[123,124] :=  (123,137) (124,125) (124,138) (109,123) (122,123) (110,124);

set F[123,137] :=  (123,124) (137,138) (137,151) (109,123) (122,123) (136,137);

set F[124,125] :=  (124,138) (125,126) (125,139) (110,124) (123,124) (111,125);

set F[124,138] :=  (124,125) (138,139) (138,152) (110,124) (123,124) (137,138);

set F[125,126] :=  (125,139) (126,140) (111,125) (124,125) (112,126);

set F[125,139] :=  (125,126) (139,140) (139,153) (111,125) (124,125) (138,139);

set F[126,140] :=  (140,154) (112,126) (125,126) (139,140);

set F[127,128] :=  (127,141) (128,129) (128,142) (113,127) (114,128);

set F[127,141] :=  (127,128) (141,142) (141,155) (113,127);

set F[128,129] :=  (128,142) (129,130) (129,143) (114,128) (127,128) (115,129);

set F[128,142] :=  (128,129) (142,143) (142,156) (114,128) (127,128) (141,142);

set F[129,130] :=  (129,143) (130,131) (130,144) (115,129) (128,129) (116,130);

set F[129,143] :=  (129,130) (143,144) (143,157) (115,129) (128,129) (142,143);

set F[130,131] :=  (130,144) (131,132) (131,145) (116,130) (129,130) (117,131);

set F[130,144] :=  (130,131) (144,145) (144,158) (116,130) (129,130) (143,144);

set F[131,132] :=  (131,145) (132,133) (132,146) (117,131) (130,131) (118,132);

set F[131,145] :=  (131,132) (145,146) (145,159) (117,131) (130,131) (144,145);

set F[132,133] :=  (132,146) (133,134) (133,147) (118,132) (131,132) (119,133);

set F[132,146] :=  (132,133) (146,147) (146,160) (118,132) (131,132) (145,146);

set F[133,134] :=  (133,147) (134,135) (134,148) (119,133) (132,133) (120,134);

set F[133,147] :=  (133,134) (147,148) (147,161) (119,133) (132,133) (146,147);

set F[134,135] :=  (134,148) (135,136) (135,149) (120,134) (133,134) (121,135);

set F[134,148] :=  (134,135) (148,149) (148,162) (120,134) (133,134) (147,148);

set F[135,136] :=  (135,149) (136,137) (136,150) (121,135) (134,135) (122,136);

set F[135,149] :=  (135,136) (149,150) (149,163) (121,135) (134,135) (148,149);

set F[136,137] :=  (136,150) (137,138) (137,151) (122,136) (135,136) (123,137);

set F[136,150] :=  (136,137) (150,151) (150,164) (122,136) (135,136) (149,150);

set F[137,138] :=  (137,151) (138,139) (138,152) (123,137) (136,137) (124,138);

set F[137,151] :=  (137,138) (151,152) (151,165) (123,137) (136,137) (150,151);

set F[138,139] :=  (138,152) (139,140) (139,153) (124,138) (137,138) (125,139);

set F[138,152] :=  (138,139) (152,153) (152,166) (124,138) (137,138) (151,152);

set F[139,140] :=  (139,153) (140,154) (125,139) (138,139) (126,140);

set F[139,153] :=  (139,140) (153,154) (153,167) (125,139) (138,139) (152,153);

set F[140,154] :=  (154,168) (126,140) (139,140) (153,154);

set F[141,142] :=  (141,155) (142,143) (142,156) (127,141) (128,142);

set F[141,155] :=  (141,142) (155,156) (155,169) (127,141);

set F[142,143] :=  (142,156) (143,144) (143,157) (128,142) (141,142) (129,143);

set F[142,156] :=  (142,143) (156,157) (156,170) (128,142) (141,142) (155,156);

set F[143,144] :=  (143,157) (144,145) (144,158) (129,143) (142,143) (130,144);

set F[143,157] :=  (143,144) (157,158) (157,171) (129,143) (142,143) (156,157);

set F[144,145] :=  (144,158) (145,146) (145,159) (130,144) (143,144) (131,145);

set F[144,158] :=  (144,145) (158,159) (158,172) (130,144) (143,144) (157,158);

set F[145,146] :=  (145,159) (146,147) (146,160) (131,145) (144,145) (132,146);

set F[145,159] :=  (145,146) (159,160) (159,173) (131,145) (144,145) (158,159);

set F[146,147] :=  (146,160) (147,148) (147,161) (132,146) (145,146) (133,147);

set F[146,160] :=  (146,147) (160,161) (160,174) (132,146) (145,146) (159,160);

set F[147,148] :=  (147,161) (148,149) (148,162) (133,147) (146,147) (134,148);

set F[147,161] :=  (147,148) (161,162) (161,175) (133,147) (146,147) (160,161);

set F[148,149] :=  (148,162) (149,150) (149,163) (134,148) (147,148) (135,149);

set F[148,162] :=  (148,149) (162,163) (162,176) (134,148) (147,148) (161,162);

set F[149,150] :=  (149,163) (150,151) (150,164) (135,149) (148,149) (136,150);

set F[149,163] :=  (149,150) (163,164) (163,177) (135,149) (148,149) (162,163);

set F[150,151] :=  (150,164) (151,152) (151,165) (136,150) (149,150) (137,151);

set F[150,164] :=  (150,151) (164,165) (164,178) (136,150) (149,150) (163,164);

set F[151,152] :=  (151,165) (152,153) (152,166) (137,151) (150,151) (138,152);

set F[151,165] :=  (151,152) (165,166) (165,179) (137,151) (150,151) (164,165);

set F[152,153] :=  (152,166) (153,154) (153,167) (138,152) (151,152) (139,153);

set F[152,166] :=  (152,153) (166,167) (166,180) (138,152) (151,152) (165,166);

set F[153,154] :=  (153,167) (154,168) (139,153) (152,153) (140,154);

set F[153,167] :=  (153,154) (167,168) (167,181) (139,153) (152,153) (166,167);

set F[154,168] :=  (168,182) (140,154) (153,154) (167,168);

set F[155,156] :=  (155,169) (156,157) (156,170) (141,155) (142,156);

set F[155,169] :=  (155,156) (169,170) (169,183) (141,155);

set F[156,157] :=  (156,170) (157,158) (157,171) (142,156) (155,156) (143,157);

set F[156,170] :=  (156,157) (170,171) (170,184) (142,156) (155,156) (169,170);

set F[157,158] :=  (157,171) (158,159) (158,172) (143,157) (156,157) (144,158);

set F[157,171] :=  (157,158) (171,172) (171,185) (143,157) (156,157) (170,171);

set F[158,159] :=  (158,172) (159,160) (159,173) (144,158) (157,158) (145,159);

set F[158,172] :=  (158,159) (172,173) (172,186) (144,158) (157,158) (171,172);

set F[159,160] :=  (159,173) (160,161) (160,174) (145,159) (158,159) (146,160);

set F[159,173] :=  (159,160) (173,174) (173,187) (145,159) (158,159) (172,173);

set F[160,161] :=  (160,174) (161,162) (161,175) (146,160) (159,160) (147,161);

set F[160,174] :=  (160,161) (174,175) (174,188) (146,160) (159,160) (173,174);

set F[161,162] :=  (161,175) (162,163) (162,176) (147,161) (160,161) (148,162);

set F[161,175] :=  (161,162) (175,176) (175,189) (147,161) (160,161) (174,175);

set F[162,163] :=  (162,176) (163,164) (163,177) (148,162) (161,162) (149,163);

set F[162,176] :=  (162,163) (176,177) (176,190) (148,162) (161,162) (175,176);

set F[163,164] :=  (163,177) (164,165) (164,178) (149,163) (162,163) (150,164);

set F[163,177] :=  (163,164) (177,178) (177,191) (149,163) (162,163) (176,177);

set F[164,165] :=  (164,178) (165,166) (165,179) (150,164) (163,164) (151,165);

set F[164,178] :=  (164,165) (178,179) (178,192) (150,164) (163,164) (177,178);

set F[165,166] :=  (165,179) (166,167) (166,180) (151,165) (164,165) (152,166);

set F[165,179] :=  (165,166) (179,180) (179,193) (151,165) (164,165) (178,179);

set F[166,167] :=  (166,180) (167,168) (167,181) (152,166) (165,166) (153,167);

set F[166,180] :=  (166,167) (180,181) (180,194) (152,166) (165,166) (179,180);

set F[167,168] :=  (167,181) (168,182) (153,167) (166,167) (154,168);

set F[167,181] :=  (167,168) (181,182) (181,195) (153,167) (166,167) (180,181);

set F[168,182] :=  (182,196) (154,168) (167,168) (181,182);

set F[169,170] :=  (169,183) (170,171) (170,184) (155,169) (156,170);

set F[169,183] :=  (169,170) (183,184) (155,169);

set F[170,171] :=  (170,184) (171,172) (171,185) (156,170) (169,170) (157,171);

set F[170,184] :=  (170,171) (184,185) (156,170) (169,170) (183,184);

set F[171,172] :=  (171,185) (172,173) (172,186) (157,171) (170,171) (158,172);

set F[171,185] :=  (171,172) (185,186) (157,171) (170,171) (184,185);

set F[172,173] :=  (172,186) (173,174) (173,187) (158,172) (171,172) (159,173);

set F[172,186] :=  (172,173) (186,187) (158,172) (171,172) (185,186);

set F[173,174] :=  (173,187) (174,175) (174,188) (159,173) (172,173) (160,174);

set F[173,187] :=  (173,174) (187,188) (159,173) (172,173) (186,187);

set F[174,175] :=  (174,188) (175,176) (175,189) (160,174) (173,174) (161,175);

set F[174,188] :=  (174,175) (188,189) (160,174) (173,174) (187,188);

set F[175,176] :=  (175,189) (176,177) (176,190) (161,175) (174,175) (162,176);

set F[175,189] :=  (175,176) (189,190) (161,175) (174,175) (188,189);

set F[176,177] :=  (176,190) (177,178) (177,191) (162,176) (175,176) (163,177);

set F[176,190] :=  (176,177) (190,191) (162,176) (175,176) (189,190);

set F[177,178] :=  (177,191) (178,179) (178,192) (163,177) (176,177) (164,178);

set F[177,191] :=  (177,178) (191,192) (163,177) (176,177) (190,191);

set F[178,179] :=  (178,192) (179,180) (179,193) (164,178) (177,178) (165,179);

set F[178,192] :=  (178,179) (192,193) (164,178) (177,178) (191,192);

set F[179,180] :=  (179,193) (180,181) (180,194) (165,179) (178,179) (166,180);

set F[179,193] :=  (179,180) (193,194) (165,179) (178,179) (192,193);

set F[180,181] :=  (180,194) (181,182) (181,195) (166,180) (179,180) (167,181);

set F[180,194] :=  (180,181) (194,195) (166,180) (179,180) (193,194);

set F[181,182] :=  (181,195) (182,196) (167,181) (180,181) (168,182);

set F[181,195] :=  (181,182) (195,196) (167,181) (180,181) (194,195);

set F[182,196] :=  (168,182) (181,182) (195,196);

set F[183,184] :=  (184,185) (169,183) (170,184);

set F[184,185] :=  (185,186) (170,184) (183,184) (171,185);

set F[185,186] :=  (186,187) (171,185) (184,185) (172,186);

set F[186,187] :=  (187,188) (172,186) (185,186) (173,187);

set F[187,188] :=  (188,189) (173,187) (186,187) (174,188);

set F[188,189] :=  (189,190) (174,188) (187,188) (175,189);

set F[189,190] :=  (190,191) (175,189) (188,189) (176,190);

set F[190,191] :=  (191,192) (176,190) (189,190) (177,191);

set F[191,192] :=  (192,193) (177,191) (190,191) (178,192);

set F[192,193] :=  (193,194) (178,192) (191,192) (179,193);

set F[193,194] :=  (194,195) (179,193) (192,193) (180,194);

set F[194,195] :=  (195,196) (180,194) (193,194) (181,195);

set F[195,196] :=  (181,195) (194,195) (182,196);

param numPeriods := 28;

param numCrews := 29;

param workload := 0    1    0    1    2    1    1   15    1    2    3    0    2   16    4    3    4    3    3   17    4    4    5    0    4   18    4    5    6    3    5   19    2    6    7    2    6   20    1    7    8    3    7   21    1    8    9    0    8   22    3    9   10    3    9   23    3   10   11    3   10   24    2   11   12    1   11   25    4   12   13    1   12   26    4   13   14    3   13   27    4   14   28    2   15   16    3   15   29    4   16   17    2   16   30    0   17   18    4   17   31    3   18   19    1   18   32    4   19   20    1   19   33    3   20   21    3   20   34    1   21   22    0   21   35    0   22   23    2   22   36    0   23   24    3   23   37    1   24   25    4   24   38    3   25   26    2   25   39    0   26   27    4   26   40    1   27   28    4   27   41    1   28   42    1   29   30    0   29   43    3   30   31    0   30   44    0   31   32    3   31   45    1   32   33    3   32   46    1   33   34    3   33   47    0   34   35    4   34   48    4   35   36    3   35   49    4   36   37    1   36   50    3   37   38    2   37   51    2   38   39    1   38   52    1   39   40    2   39   53    1   40   41    4   40   54    4   41   42    0   41   55    2   42   56    0   43   44    4   43   57    4   44   45    0   44   58    4   45   46    0   45   59    3   46   47    3   46   60    2   47   48    4   47   61    4   48   49    3   48   62    0   49   50    1   49   63    0   50   51    0   50   64    0   51   52    3   51   65    4   52   53    1   52   66    2   53   54    4   53   67    4   54   55    3   54   68    4   55   56    3   55   69    1   56   70    3   57   58    1   57   71    1   58   59    3   58   72    2   59   60    2   59   73    3   60   61    3   60   74    2   61   62    2   61   75    2   62   63    2   62   76    0   63   64    3   63   77    4   64   65    1   64   78    4   65   66    1   65   79    4   66   67    2   66   80    2   67   68    1   67   81    0   68   69    1   68   82    3   69   70    3   69   83    3   70   84    0   71   72    4   71   85    4   72   73    3   72   86    0   73   74    1   73   87    3   74   75    3   74   88    1   75   76    1   75   89    3   76   77    2   76   90    3   77   78    1   77   91    0   78   79    4   78   92    3   79   80    4   79   93    0   80   81    0   80   94    0   81   82    2   81   95    0   82   83    4   82   96    0   83   84    0   83   97    2   84   98    3   85   86    1   85   99    0   86   87    1   86  100    1   87   88    2   87  101    4   88   89    3   88  102    0   89   90    1   89  103    0   90   91    2   90  104    2   91   92    4   91  105    4   92   93    2   92  106    4   93   94    0   93  107    1   94   95    4   94  108    4   95   96    3   95  109    3   96   97    1   96  110    4   97   98    0   97  111    3   98  112    3   99  100    4   99  113    1  100  101    3  100  114    4  101  102    1  101  115    2  102  103    4  102  116    2  103  104    1  103  117    3  104  105    1  104  118    3  105  106    2  105  119    2  106  107    3  106  120    4  107  108    1  107  121    4  108  109    3  108  122    4  109  110    0  109  123    1  110  111    3  110  124    1  111  112    1  111  125    3  112  126    3  113  114    2  113  127    3  114  115    0  114  128    1  115  116    2  115  129    1  116  117    3  116  130    4  117  118    1  117  131    3  118  119    0  118  132    4  119  120    0  119  133    2  120  121    1  120  134    4  121  122    2  121  135    2  122  123    4  122  136    1  123  124    2  123  137    4  124  125    0  124  138    4  125  126    0  125  139    3  126  140    2  127  128    3  127  141    1  128  129    3  128  142    4  129  130    0  129  143    0  130  131    4  130  144    3  131  132    1  131  145    2  132  133    0  132  146    1  133  134    1  133  147    1  134  135    0  134  148    1  135  136    0  135  149    4  136  137    0  136  150    4  137  138    1  137  151    0  138  139    1  138  152    3  139  140    3  139  153    2  140  154    3  141  142    4  141  155    0  142  143    1  142  156    0  143  144    0  143  157    3  144  145    3  144  158    4  145  146    2  145  159    0  146  147    4  146  160    4  147  148    1  147  161    2  148  149    4  148  162    3  149  150    4  149  163    2  150  151    2  150  164    2  151  152    1  151  165    3  152  153    2  152  166    3  153  154    1  153  167    0  154  168    2  155  156    1  155  169    3  156  157    3  156  170    3  157  158    0  157  171    0  158  159    2  158  172    1  159  160    4  159  173    4  160  161    1  160  174    4  161  162    4  161  175    2  162  163    4  162  176    4  163  164    2  163  177    3  164  165    2  164  178    0  165  166    2  165  179    3  166  167    2  166  180    1  167  168    4  167  181    4  168  182    4  169  170    1  169  183    2  170  171    4  170  184    4  171  172    3  171  185    1  172  173    3  172  186    0  173  174    2  173  187    3  174  175    4  174  188    4  175  176    2  175  189    3  176  177    2  176  190    4  177  178    4  177  191    4  178  179    1  178  192    2  179  180    1  179  193    3  180  181    4  180  194    4  181  182    2  181  195    2  182  196    0  183  184    4  184  185    2  185  186    1  186  187    4  187  188    3  188  189    4  189  190    1  190  191    3  191  192    3  192  193    0  193  194    2  194  195    1  195  196    3;

param functionality := 0    1    1    1    2    0    1   15    0    2    3    0    2   16    0    3    4    0    3   17    0    4    5    0    4   18    0    5    6    0    5   19    0    6    7    0    6   20    0    7    8    0    7   21    0    8    9    0    8   22    0    9   10    0    9   23    0   10   11    0   10   24    0   11   12    0   11   25    0   12   13    0   12   26    0   13   14    0   13   27    0   14   28    0   15   16    0   15   29    0   16   17    0   16   30    0   17   18    0   17   31    0   18   19    0   18   32    0   19   20    0   19   33    0   20   21    0   20   34    0   21   22    0   21   35    0   22   23    0   22   36    0   23   24    0   23   37    0   24   25    0   24   38    0   25   26    0   25   39    0   26   27    0   26   40    0   27   28    0   27   41    0   28   42    0   29   30    0   29   43    0   30   31    0   30   44    0   31   32    0   31   45    0   32   33    0   32   46    0   33   34    0   33   47    0   34   35    0   34   48    0   35   36    0   35   49    0   36   37    0   36   50    0   37   38    0   37   51    0   38   39    0   38   52    0   39   40    0   39   53    0   40   41    0   40   54    0   41   42    0   41   55    0   42   56    0   43   44    0   43   57    0   44   45    0   44   58    0   45   46    0   45   59    0   46   47    0   46   60    0   47   48    0   47   61    0   48   49    0   48   62    0   49   50    0   49   63    0   50   51    0   50   64    0   51   52    0   51   65    0   52   53    0   52   66    0   53   54    0   53   67    0   54   55    0   54   68    0   55   56    0   55   69    0   56   70    0   57   58    0   57   71    0   58   59    0   58   72    0   59   60    0   59   73    0   60   61    0   60   74    0   61   62    0   61   75    0   62   63    0   62   76    0   63   64    0   63   77    0   64   65    0   64   78    0   65   66    0   65   79    0   66   67    0   66   80    0   67   68    0   67   81    0   68   69    0   68   82    0   69   70    0   69   83    0   70   84    0   71   72    0   71   85    0   72   73    0   72   86    0   73   74    0   73   87    0   74   75    0   74   88    0   75   76    0   75   89    0   76   77    0   76   90    0   77   78    0   77   91    0   78   79    0   78   92    0   79   80    0   79   93    0   80   81    0   80   94    0   81   82    0   81   95    0   82   83    0   82   96    0   83   84    0   83   97    0   84   98    0   85   86    0   85   99    0   86   87    0   86  100    0   87   88    0   87  101    0   88   89    0   88  102    0   89   90    0   89  103    0   90   91    0   90  104    0   91   92    0   91  105    0   92   93    0   92  106    0   93   94    0   93  107    0   94   95    0   94  108    0   95   96    0   95  109    0   96   97    0   96  110    0   97   98    0   97  111    0   98  112    0   99  100    0   99  113    0  100  101    0  100  114    0  101  102    0  101  115    0  102  103    0  102  116    0  103  104    0  103  117    0  104  105    0  104  118    0  105  106    0  105  119    0  106  107    0  106  120    0  107  108    0  107  121    0  108  109    0  108  122    0  109  110    0  109  123    0  110  111    0  110  124    0  111  112    0  111  125    0  112  126    0  113  114    0  113  127    0  114  115    0  114  128    0  115  116    0  115  129    0  116  117    0  116  130    0  117  118    0  117  131    0  118  119    0  118  132    0  119  120    0  119  133    0  120  121    0  120  134    0  121  122    0  121  135    0  122  123    0  122  136    0  123  124    0  123  137    0  124  125    0  124  138    0  125  126    0  125  139    0  126  140    0  127  128    0  127  141    0  128  129    0  128  142    0  129  130    0  129  143    0  130  131    0  130  144    0  131  132    0  131  145    0  132  133    0  132  146    0  133  134    0  133  147    0  134  135    0  134  148    0  135  136    0  135  149    0  136  137    0  136  150    0  137  138    0  137  151    0  138  139    0  138  152    0  139  140    0  139  153    0  140  154    0  141  142    0  141  155    0  142  143    0  142  156    0  143  144    0  143  157    0  144  145    0  144  158    0  145  146    0  145  159    0  146  147    0  146  160    0  147  148    0  147  161    0  148  149    0  148  162    0  149  150    0  149  163    0  150  151    0  150  164    0  151  152    0  151  165    0  152  153    0  152  166    0  153  154    0  153  167    0  154  168    0  155  156    0  155  169    0  156  157    0  156  170    0  157  158    0  157  171    0  158  159    0  158  172    0  159  160    0  159  173    0  160  161    0  160  174    0  161  162    0  161  175    0  162  163    0  162  176    0  163  164    0  163  177    0  164  165    0  164  178    0  165  166    0  165  179    0  166  167    0  166  180    0  167  168    0  167  181    0  168  182    0  169  170    0  169  183    0  170  171    0  170  184    0  171  172    0  171  185    0  172  173    0  172  186    0  173  174    0  173  187    0  174  175    0  174  188    0  175  176    0  175  189    0  176  177    0  176  190    0  177  178    0  177  191    0  178  179    0  178  192    0  179  180    0  179  193    0  180  181    0  180  194    0  181  182    0  181  195    0  182  196    0  183  184    0  184  185    0  185  186    0  186  187    0  187  188    0  188  189    0  189  190    0  190  191    0  191  192    0  192  193    0  193  194    0  194  195    0  195  196    0;

