data; 

set N := 0    1    2    3    4    5    6    7    8    9   10   11   12   13   14   15   16   17   18   19   20   21   22   23   24   25   26   27   28   29   30   31   32   33   34   35   36   37   38   39   40   41   42   43   44   45   46   47   48   49   50   51   52   53   54   55   56   57   58   59   60   61   62   63   64   65   66   67   68   69   70   71   72   73   74   75   76   77   78   79   80   81   82   83   84   85   86   87   88   89   90   91   92   93   94   95   96   97   98   99  100  101  102  103  104  105  106  107  108  109  110  111  112  113  114  115  116  117  118  119  120  121  122  123  124  125  126  127  128  129  130  131  132  133  134  135  136  137  138  139  140  141  142  143  144  145  146  147  148  149  150  151  152  153  154  155  156  157  158  159  160  161  162  163  164  165  166  167  168  169  170  171  172  173  174  175  176  177  178  179  180  181  182  183  184  185  186  187  188  189  190  191  192  193  194  195  196  197  198  199  200  201  202  203  204  205  206  207  208  209  210  211  212  213  214  215  216  217  218  219  220  221  222  223  224  225;

set E :=  (0,1) (1,2) (1,16) (2,3) (2,17) (3,4) (3,18) (4,5) (4,19) (5,6) (5,20) (6,7) (6,21) (7,8) (7,22) (8,9) (8,23) (9,10) (9,24) (10,11) (10,25) (11,12) (11,26) (12,13) (12,27) (13,14) (13,28) (14,15) (14,29) (15,30) (16,17) (16,31) (17,18) (17,32) (18,19) (18,33) (19,20) (19,34) (20,21) (20,35) (21,22) (21,36) (22,23) (22,37) (23,24) (23,38) (24,25) (24,39) (25,26) (25,40) (26,27) (26,41) (27,28) (27,42) (28,29) (28,43) (29,30) (29,44) (30,45) (31,32) (31,46) (32,33) (32,47) (33,34) (33,48) (34,35) (34,49) (35,36) (35,50) (36,37) (36,51) (37,38) (37,52) (38,39) (38,53) (39,40) (39,54) (40,41) (40,55) (41,42) (41,56) (42,43) (42,57) (43,44) (43,58) (44,45) (44,59) (45,60) (46,47) (46,61) (47,48) (47,62) (48,49) (48,63) (49,50) (49,64) (50,51) (50,65) (51,52) (51,66) (52,53) (52,67) (53,54) (53,68) (54,55) (54,69) (55,56) (55,70) (56,57) (56,71) (57,58) (57,72) (58,59) (58,73) (59,60) (59,74) (60,75) (61,62) (61,76) (62,63) (62,77) (63,64) (63,78) (64,65) (64,79) (65,66) (65,80) (66,67) (66,81) (67,68) (67,82) (68,69) (68,83) (69,70) (69,84) (70,71) (70,85) (71,72) (71,86) (72,73) (72,87) (73,74) (73,88) (74,75) (74,89) (75,90) (76,77) (76,91) (77,78) (77,92) (78,79) (78,93) (79,80) (79,94) (80,81) (80,95) (81,82) (81,96) (82,83) (82,97) (83,84) (83,98) (84,85) (84,99) (85,86) (85,100) (86,87) (86,101) (87,88) (87,102) (88,89) (88,103) (89,90) (89,104) (90,105) (91,92) (91,106) (92,93) (92,107) (93,94) (93,108) (94,95) (94,109) (95,96) (95,110) (96,97) (96,111) (97,98) (97,112) (98,99) (98,113) (99,100) (99,114) (100,101) (100,115) (101,102) (101,116) (102,103) (102,117) (103,104) (103,118) (104,105) (104,119) (105,120) (106,107) (106,121) (107,108) (107,122) (108,109) (108,123) (109,110) (109,124) (110,111) (110,125) (111,112) (111,126) (112,113) (112,127) (113,114) (113,128) (114,115) (114,129) (115,116) (115,130) (116,117) (116,131) (117,118) (117,132) (118,119) (118,133) (119,120) (119,134) (120,135) (121,122) (121,136) (122,123) (122,137) (123,124) (123,138) (124,125) (124,139) (125,126) (125,140) (126,127) (126,141) (127,128) (127,142) (128,129) (128,143) (129,130) (129,144) (130,131) (130,145) (131,132) (131,146) (132,133) (132,147) (133,134) (133,148) (134,135) (134,149) (135,150) (136,137) (136,151) (137,138) (137,152) (138,139) (138,153) (139,140) (139,154) (140,141) (140,155) (141,142) (141,156) (142,143) (142,157) (143,144) (143,158) (144,145) (144,159) (145,146) (145,160) (146,147) (146,161) (147,148) (147,162) (148,149) (148,163) (149,150) (149,164) (150,165) (151,152) (151,166) (152,153) (152,167) (153,154) (153,168) (154,155) (154,169) (155,156) (155,170) (156,157) (156,171) (157,158) (157,172) (158,159) (158,173) (159,160) (159,174) (160,161) (160,175) (161,162) (161,176) (162,163) (162,177) (163,164) (163,178) (164,165) (164,179) (165,180) (166,167) (166,181) (167,168) (167,182) (168,169) (168,183) (169,170) (169,184) (170,171) (170,185) (171,172) (171,186) (172,173) (172,187) (173,174) (173,188) (174,175) (174,189) (175,176) (175,190) (176,177) (176,191) (177,178) (177,192) (178,179) (178,193) (179,180) (179,194) (180,195) (181,182) (181,196) (182,183) (182,197) (183,184) (183,198) (184,185) (184,199) (185,186) (185,200) (186,187) (186,201) (187,188) (187,202) (188,189) (188,203) (189,190) (189,204) (190,191) (190,205) (191,192) (191,206) (192,193) (192,207) (193,194) (193,208) (194,195) (194,209) (195,210) (196,197) (196,211) (197,198) (197,212) (198,199) (198,213) (199,200) (199,214) (200,201) (200,215) (201,202) (201,216) (202,203) (202,217) (203,204) (203,218) (204,205) (204,219) (205,206) (205,220) (206,207) (206,221) (207,208) (207,222) (208,209) (208,223) (209,210) (209,224) (210,225) (211,212) (212,213) (213,214) (214,215) (215,216) (216,217) (217,218) (218,219) (219,220) (220,221) (221,222) (222,223) (223,224) (224,225);

set F[0,1] :=  (0,1);

set F[1,2] :=  (1,16) (2,3) (2,17) (0,1);

set F[1,16] :=  (1,2) (16,17) (16,31) (0,1);

set F[2,3] :=  (2,17) (3,4) (3,18) (1,2);

set F[2,17] :=  (2,3) (17,18) (17,32) (1,2) (16,17);

set F[3,4] :=  (3,18) (4,5) (4,19) (2,3);

set F[3,18] :=  (3,4) (18,19) (18,33) (2,3) (17,18);

set F[4,5] :=  (4,19) (5,6) (5,20) (3,4);

set F[4,19] :=  (4,5) (19,20) (19,34) (3,4) (18,19);

set F[5,6] :=  (5,20) (6,7) (6,21) (4,5);

set F[5,20] :=  (5,6) (20,21) (20,35) (4,5) (19,20);

set F[6,7] :=  (6,21) (7,8) (7,22) (5,6);

set F[6,21] :=  (6,7) (21,22) (21,36) (5,6) (20,21);

set F[7,8] :=  (7,22) (8,9) (8,23) (6,7);

set F[7,22] :=  (7,8) (22,23) (22,37) (6,7) (21,22);

set F[8,9] :=  (8,23) (9,10) (9,24) (7,8);

set F[8,23] :=  (8,9) (23,24) (23,38) (7,8) (22,23);

set F[9,10] :=  (9,24) (10,11) (10,25) (8,9);

set F[9,24] :=  (9,10) (24,25) (24,39) (8,9) (23,24);

set F[10,11] :=  (10,25) (11,12) (11,26) (9,10);

set F[10,25] :=  (10,11) (25,26) (25,40) (9,10) (24,25);

set F[11,12] :=  (11,26) (12,13) (12,27) (10,11);

set F[11,26] :=  (11,12) (26,27) (26,41) (10,11) (25,26);

set F[12,13] :=  (12,27) (13,14) (13,28) (11,12);

set F[12,27] :=  (12,13) (27,28) (27,42) (11,12) (26,27);

set F[13,14] :=  (13,28) (14,15) (14,29) (12,13);

set F[13,28] :=  (13,14) (28,29) (28,43) (12,13) (27,28);

set F[14,15] :=  (14,29) (15,30) (13,14);

set F[14,29] :=  (14,15) (29,30) (29,44) (13,14) (28,29);

set F[15,30] :=  (30,45) (14,15) (29,30);

set F[16,17] :=  (16,31) (17,18) (17,32) (1,16) (2,17);

set F[16,31] :=  (16,17) (31,32) (31,46) (1,16);

set F[17,18] :=  (17,32) (18,19) (18,33) (2,17) (16,17) (3,18);

set F[17,32] :=  (17,18) (32,33) (32,47) (2,17) (16,17) (31,32);

set F[18,19] :=  (18,33) (19,20) (19,34) (3,18) (17,18) (4,19);

set F[18,33] :=  (18,19) (33,34) (33,48) (3,18) (17,18) (32,33);

set F[19,20] :=  (19,34) (20,21) (20,35) (4,19) (18,19) (5,20);

set F[19,34] :=  (19,20) (34,35) (34,49) (4,19) (18,19) (33,34);

set F[20,21] :=  (20,35) (21,22) (21,36) (5,20) (19,20) (6,21);

set F[20,35] :=  (20,21) (35,36) (35,50) (5,20) (19,20) (34,35);

set F[21,22] :=  (21,36) (22,23) (22,37) (6,21) (20,21) (7,22);

set F[21,36] :=  (21,22) (36,37) (36,51) (6,21) (20,21) (35,36);

set F[22,23] :=  (22,37) (23,24) (23,38) (7,22) (21,22) (8,23);

set F[22,37] :=  (22,23) (37,38) (37,52) (7,22) (21,22) (36,37);

set F[23,24] :=  (23,38) (24,25) (24,39) (8,23) (22,23) (9,24);

set F[23,38] :=  (23,24) (38,39) (38,53) (8,23) (22,23) (37,38);

set F[24,25] :=  (24,39) (25,26) (25,40) (9,24) (23,24) (10,25);

set F[24,39] :=  (24,25) (39,40) (39,54) (9,24) (23,24) (38,39);

set F[25,26] :=  (25,40) (26,27) (26,41) (10,25) (24,25) (11,26);

set F[25,40] :=  (25,26) (40,41) (40,55) (10,25) (24,25) (39,40);

set F[26,27] :=  (26,41) (27,28) (27,42) (11,26) (25,26) (12,27);

set F[26,41] :=  (26,27) (41,42) (41,56) (11,26) (25,26) (40,41);

set F[27,28] :=  (27,42) (28,29) (28,43) (12,27) (26,27) (13,28);

set F[27,42] :=  (27,28) (42,43) (42,57) (12,27) (26,27) (41,42);

set F[28,29] :=  (28,43) (29,30) (29,44) (13,28) (27,28) (14,29);

set F[28,43] :=  (28,29) (43,44) (43,58) (13,28) (27,28) (42,43);

set F[29,30] :=  (29,44) (30,45) (14,29) (28,29) (15,30);

set F[29,44] :=  (29,30) (44,45) (44,59) (14,29) (28,29) (43,44);

set F[30,45] :=  (45,60) (15,30) (29,30) (44,45);

set F[31,32] :=  (31,46) (32,33) (32,47) (16,31) (17,32);

set F[31,46] :=  (31,32) (46,47) (46,61) (16,31);

set F[32,33] :=  (32,47) (33,34) (33,48) (17,32) (31,32) (18,33);

set F[32,47] :=  (32,33) (47,48) (47,62) (17,32) (31,32) (46,47);

set F[33,34] :=  (33,48) (34,35) (34,49) (18,33) (32,33) (19,34);

set F[33,48] :=  (33,34) (48,49) (48,63) (18,33) (32,33) (47,48);

set F[34,35] :=  (34,49) (35,36) (35,50) (19,34) (33,34) (20,35);

set F[34,49] :=  (34,35) (49,50) (49,64) (19,34) (33,34) (48,49);

set F[35,36] :=  (35,50) (36,37) (36,51) (20,35) (34,35) (21,36);

set F[35,50] :=  (35,36) (50,51) (50,65) (20,35) (34,35) (49,50);

set F[36,37] :=  (36,51) (37,38) (37,52) (21,36) (35,36) (22,37);

set F[36,51] :=  (36,37) (51,52) (51,66) (21,36) (35,36) (50,51);

set F[37,38] :=  (37,52) (38,39) (38,53) (22,37) (36,37) (23,38);

set F[37,52] :=  (37,38) (52,53) (52,67) (22,37) (36,37) (51,52);

set F[38,39] :=  (38,53) (39,40) (39,54) (23,38) (37,38) (24,39);

set F[38,53] :=  (38,39) (53,54) (53,68) (23,38) (37,38) (52,53);

set F[39,40] :=  (39,54) (40,41) (40,55) (24,39) (38,39) (25,40);

set F[39,54] :=  (39,40) (54,55) (54,69) (24,39) (38,39) (53,54);

set F[40,41] :=  (40,55) (41,42) (41,56) (25,40) (39,40) (26,41);

set F[40,55] :=  (40,41) (55,56) (55,70) (25,40) (39,40) (54,55);

set F[41,42] :=  (41,56) (42,43) (42,57) (26,41) (40,41) (27,42);

set F[41,56] :=  (41,42) (56,57) (56,71) (26,41) (40,41) (55,56);

set F[42,43] :=  (42,57) (43,44) (43,58) (27,42) (41,42) (28,43);

set F[42,57] :=  (42,43) (57,58) (57,72) (27,42) (41,42) (56,57);

set F[43,44] :=  (43,58) (44,45) (44,59) (28,43) (42,43) (29,44);

set F[43,58] :=  (43,44) (58,59) (58,73) (28,43) (42,43) (57,58);

set F[44,45] :=  (44,59) (45,60) (29,44) (43,44) (30,45);

set F[44,59] :=  (44,45) (59,60) (59,74) (29,44) (43,44) (58,59);

set F[45,60] :=  (60,75) (30,45) (44,45) (59,60);

set F[46,47] :=  (46,61) (47,48) (47,62) (31,46) (32,47);

set F[46,61] :=  (46,47) (61,62) (61,76) (31,46);

set F[47,48] :=  (47,62) (48,49) (48,63) (32,47) (46,47) (33,48);

set F[47,62] :=  (47,48) (62,63) (62,77) (32,47) (46,47) (61,62);

set F[48,49] :=  (48,63) (49,50) (49,64) (33,48) (47,48) (34,49);

set F[48,63] :=  (48,49) (63,64) (63,78) (33,48) (47,48) (62,63);

set F[49,50] :=  (49,64) (50,51) (50,65) (34,49) (48,49) (35,50);

set F[49,64] :=  (49,50) (64,65) (64,79) (34,49) (48,49) (63,64);

set F[50,51] :=  (50,65) (51,52) (51,66) (35,50) (49,50) (36,51);

set F[50,65] :=  (50,51) (65,66) (65,80) (35,50) (49,50) (64,65);

set F[51,52] :=  (51,66) (52,53) (52,67) (36,51) (50,51) (37,52);

set F[51,66] :=  (51,52) (66,67) (66,81) (36,51) (50,51) (65,66);

set F[52,53] :=  (52,67) (53,54) (53,68) (37,52) (51,52) (38,53);

set F[52,67] :=  (52,53) (67,68) (67,82) (37,52) (51,52) (66,67);

set F[53,54] :=  (53,68) (54,55) (54,69) (38,53) (52,53) (39,54);

set F[53,68] :=  (53,54) (68,69) (68,83) (38,53) (52,53) (67,68);

set F[54,55] :=  (54,69) (55,56) (55,70) (39,54) (53,54) (40,55);

set F[54,69] :=  (54,55) (69,70) (69,84) (39,54) (53,54) (68,69);

set F[55,56] :=  (55,70) (56,57) (56,71) (40,55) (54,55) (41,56);

set F[55,70] :=  (55,56) (70,71) (70,85) (40,55) (54,55) (69,70);

set F[56,57] :=  (56,71) (57,58) (57,72) (41,56) (55,56) (42,57);

set F[56,71] :=  (56,57) (71,72) (71,86) (41,56) (55,56) (70,71);

set F[57,58] :=  (57,72) (58,59) (58,73) (42,57) (56,57) (43,58);

set F[57,72] :=  (57,58) (72,73) (72,87) (42,57) (56,57) (71,72);

set F[58,59] :=  (58,73) (59,60) (59,74) (43,58) (57,58) (44,59);

set F[58,73] :=  (58,59) (73,74) (73,88) (43,58) (57,58) (72,73);

set F[59,60] :=  (59,74) (60,75) (44,59) (58,59) (45,60);

set F[59,74] :=  (59,60) (74,75) (74,89) (44,59) (58,59) (73,74);

set F[60,75] :=  (75,90) (45,60) (59,60) (74,75);

set F[61,62] :=  (61,76) (62,63) (62,77) (46,61) (47,62);

set F[61,76] :=  (61,62) (76,77) (76,91) (46,61);

set F[62,63] :=  (62,77) (63,64) (63,78) (47,62) (61,62) (48,63);

set F[62,77] :=  (62,63) (77,78) (77,92) (47,62) (61,62) (76,77);

set F[63,64] :=  (63,78) (64,65) (64,79) (48,63) (62,63) (49,64);

set F[63,78] :=  (63,64) (78,79) (78,93) (48,63) (62,63) (77,78);

set F[64,65] :=  (64,79) (65,66) (65,80) (49,64) (63,64) (50,65);

set F[64,79] :=  (64,65) (79,80) (79,94) (49,64) (63,64) (78,79);

set F[65,66] :=  (65,80) (66,67) (66,81) (50,65) (64,65) (51,66);

set F[65,80] :=  (65,66) (80,81) (80,95) (50,65) (64,65) (79,80);

set F[66,67] :=  (66,81) (67,68) (67,82) (51,66) (65,66) (52,67);

set F[66,81] :=  (66,67) (81,82) (81,96) (51,66) (65,66) (80,81);

set F[67,68] :=  (67,82) (68,69) (68,83) (52,67) (66,67) (53,68);

set F[67,82] :=  (67,68) (82,83) (82,97) (52,67) (66,67) (81,82);

set F[68,69] :=  (68,83) (69,70) (69,84) (53,68) (67,68) (54,69);

set F[68,83] :=  (68,69) (83,84) (83,98) (53,68) (67,68) (82,83);

set F[69,70] :=  (69,84) (70,71) (70,85) (54,69) (68,69) (55,70);

set F[69,84] :=  (69,70) (84,85) (84,99) (54,69) (68,69) (83,84);

set F[70,71] :=  (70,85) (71,72) (71,86) (55,70) (69,70) (56,71);

set F[70,85] :=  (70,71) (85,86) (85,100) (55,70) (69,70) (84,85);

set F[71,72] :=  (71,86) (72,73) (72,87) (56,71) (70,71) (57,72);

set F[71,86] :=  (71,72) (86,87) (86,101) (56,71) (70,71) (85,86);

set F[72,73] :=  (72,87) (73,74) (73,88) (57,72) (71,72) (58,73);

set F[72,87] :=  (72,73) (87,88) (87,102) (57,72) (71,72) (86,87);

set F[73,74] :=  (73,88) (74,75) (74,89) (58,73) (72,73) (59,74);

set F[73,88] :=  (73,74) (88,89) (88,103) (58,73) (72,73) (87,88);

set F[74,75] :=  (74,89) (75,90) (59,74) (73,74) (60,75);

set F[74,89] :=  (74,75) (89,90) (89,104) (59,74) (73,74) (88,89);

set F[75,90] :=  (90,105) (60,75) (74,75) (89,90);

set F[76,77] :=  (76,91) (77,78) (77,92) (61,76) (62,77);

set F[76,91] :=  (76,77) (91,92) (91,106) (61,76);

set F[77,78] :=  (77,92) (78,79) (78,93) (62,77) (76,77) (63,78);

set F[77,92] :=  (77,78) (92,93) (92,107) (62,77) (76,77) (91,92);

set F[78,79] :=  (78,93) (79,80) (79,94) (63,78) (77,78) (64,79);

set F[78,93] :=  (78,79) (93,94) (93,108) (63,78) (77,78) (92,93);

set F[79,80] :=  (79,94) (80,81) (80,95) (64,79) (78,79) (65,80);

set F[79,94] :=  (79,80) (94,95) (94,109) (64,79) (78,79) (93,94);

set F[80,81] :=  (80,95) (81,82) (81,96) (65,80) (79,80) (66,81);

set F[80,95] :=  (80,81) (95,96) (95,110) (65,80) (79,80) (94,95);

set F[81,82] :=  (81,96) (82,83) (82,97) (66,81) (80,81) (67,82);

set F[81,96] :=  (81,82) (96,97) (96,111) (66,81) (80,81) (95,96);

set F[82,83] :=  (82,97) (83,84) (83,98) (67,82) (81,82) (68,83);

set F[82,97] :=  (82,83) (97,98) (97,112) (67,82) (81,82) (96,97);

set F[83,84] :=  (83,98) (84,85) (84,99) (68,83) (82,83) (69,84);

set F[83,98] :=  (83,84) (98,99) (98,113) (68,83) (82,83) (97,98);

set F[84,85] :=  (84,99) (85,86) (85,100) (69,84) (83,84) (70,85);

set F[84,99] :=  (84,85) (99,100) (99,114) (69,84) (83,84) (98,99);

set F[85,86] :=  (85,100) (86,87) (86,101) (70,85) (84,85) (71,86);

set F[85,100] :=  (85,86) (100,101) (100,115) (70,85) (84,85) (99,100);

set F[86,87] :=  (86,101) (87,88) (87,102) (71,86) (85,86) (72,87);

set F[86,101] :=  (86,87) (101,102) (101,116) (71,86) (85,86) (100,101);

set F[87,88] :=  (87,102) (88,89) (88,103) (72,87) (86,87) (73,88);

set F[87,102] :=  (87,88) (102,103) (102,117) (72,87) (86,87) (101,102);

set F[88,89] :=  (88,103) (89,90) (89,104) (73,88) (87,88) (74,89);

set F[88,103] :=  (88,89) (103,104) (103,118) (73,88) (87,88) (102,103);

set F[89,90] :=  (89,104) (90,105) (74,89) (88,89) (75,90);

set F[89,104] :=  (89,90) (104,105) (104,119) (74,89) (88,89) (103,104);

set F[90,105] :=  (105,120) (75,90) (89,90) (104,105);

set F[91,92] :=  (91,106) (92,93) (92,107) (76,91) (77,92);

set F[91,106] :=  (91,92) (106,107) (106,121) (76,91);

set F[92,93] :=  (92,107) (93,94) (93,108) (77,92) (91,92) (78,93);

set F[92,107] :=  (92,93) (107,108) (107,122) (77,92) (91,92) (106,107);

set F[93,94] :=  (93,108) (94,95) (94,109) (78,93) (92,93) (79,94);

set F[93,108] :=  (93,94) (108,109) (108,123) (78,93) (92,93) (107,108);

set F[94,95] :=  (94,109) (95,96) (95,110) (79,94) (93,94) (80,95);

set F[94,109] :=  (94,95) (109,110) (109,124) (79,94) (93,94) (108,109);

set F[95,96] :=  (95,110) (96,97) (96,111) (80,95) (94,95) (81,96);

set F[95,110] :=  (95,96) (110,111) (110,125) (80,95) (94,95) (109,110);

set F[96,97] :=  (96,111) (97,98) (97,112) (81,96) (95,96) (82,97);

set F[96,111] :=  (96,97) (111,112) (111,126) (81,96) (95,96) (110,111);

set F[97,98] :=  (97,112) (98,99) (98,113) (82,97) (96,97) (83,98);

set F[97,112] :=  (97,98) (112,113) (112,127) (82,97) (96,97) (111,112);

set F[98,99] :=  (98,113) (99,100) (99,114) (83,98) (97,98) (84,99);

set F[98,113] :=  (98,99) (113,114) (113,128) (83,98) (97,98) (112,113);

set F[99,100] :=  (99,114) (100,101) (100,115) (84,99) (98,99) (85,100);

set F[99,114] :=  (99,100) (114,115) (114,129) (84,99) (98,99) (113,114);

set F[100,101] :=  (100,115) (101,102) (101,116) (85,100) (99,100) (86,101);

set F[100,115] :=  (100,101) (115,116) (115,130) (85,100) (99,100) (114,115);

set F[101,102] :=  (101,116) (102,103) (102,117) (86,101) (100,101) (87,102);

set F[101,116] :=  (101,102) (116,117) (116,131) (86,101) (100,101) (115,116);

set F[102,103] :=  (102,117) (103,104) (103,118) (87,102) (101,102) (88,103);

set F[102,117] :=  (102,103) (117,118) (117,132) (87,102) (101,102) (116,117);

set F[103,104] :=  (103,118) (104,105) (104,119) (88,103) (102,103) (89,104);

set F[103,118] :=  (103,104) (118,119) (118,133) (88,103) (102,103) (117,118);

set F[104,105] :=  (104,119) (105,120) (89,104) (103,104) (90,105);

set F[104,119] :=  (104,105) (119,120) (119,134) (89,104) (103,104) (118,119);

set F[105,120] :=  (120,135) (90,105) (104,105) (119,120);

set F[106,107] :=  (106,121) (107,108) (107,122) (91,106) (92,107);

set F[106,121] :=  (106,107) (121,122) (121,136) (91,106);

set F[107,108] :=  (107,122) (108,109) (108,123) (92,107) (106,107) (93,108);

set F[107,122] :=  (107,108) (122,123) (122,137) (92,107) (106,107) (121,122);

set F[108,109] :=  (108,123) (109,110) (109,124) (93,108) (107,108) (94,109);

set F[108,123] :=  (108,109) (123,124) (123,138) (93,108) (107,108) (122,123);

set F[109,110] :=  (109,124) (110,111) (110,125) (94,109) (108,109) (95,110);

set F[109,124] :=  (109,110) (124,125) (124,139) (94,109) (108,109) (123,124);

set F[110,111] :=  (110,125) (111,112) (111,126) (95,110) (109,110) (96,111);

set F[110,125] :=  (110,111) (125,126) (125,140) (95,110) (109,110) (124,125);

set F[111,112] :=  (111,126) (112,113) (112,127) (96,111) (110,111) (97,112);

set F[111,126] :=  (111,112) (126,127) (126,141) (96,111) (110,111) (125,126);

set F[112,113] :=  (112,127) (113,114) (113,128) (97,112) (111,112) (98,113);

set F[112,127] :=  (112,113) (127,128) (127,142) (97,112) (111,112) (126,127);

set F[113,114] :=  (113,128) (114,115) (114,129) (98,113) (112,113) (99,114);

set F[113,128] :=  (113,114) (128,129) (128,143) (98,113) (112,113) (127,128);

set F[114,115] :=  (114,129) (115,116) (115,130) (99,114) (113,114) (100,115);

set F[114,129] :=  (114,115) (129,130) (129,144) (99,114) (113,114) (128,129);

set F[115,116] :=  (115,130) (116,117) (116,131) (100,115) (114,115) (101,116);

set F[115,130] :=  (115,116) (130,131) (130,145) (100,115) (114,115) (129,130);

set F[116,117] :=  (116,131) (117,118) (117,132) (101,116) (115,116) (102,117);

set F[116,131] :=  (116,117) (131,132) (131,146) (101,116) (115,116) (130,131);

set F[117,118] :=  (117,132) (118,119) (118,133) (102,117) (116,117) (103,118);

set F[117,132] :=  (117,118) (132,133) (132,147) (102,117) (116,117) (131,132);

set F[118,119] :=  (118,133) (119,120) (119,134) (103,118) (117,118) (104,119);

set F[118,133] :=  (118,119) (133,134) (133,148) (103,118) (117,118) (132,133);

set F[119,120] :=  (119,134) (120,135) (104,119) (118,119) (105,120);

set F[119,134] :=  (119,120) (134,135) (134,149) (104,119) (118,119) (133,134);

set F[120,135] :=  (135,150) (105,120) (119,120) (134,135);

set F[121,122] :=  (121,136) (122,123) (122,137) (106,121) (107,122);

set F[121,136] :=  (121,122) (136,137) (136,151) (106,121);

set F[122,123] :=  (122,137) (123,124) (123,138) (107,122) (121,122) (108,123);

set F[122,137] :=  (122,123) (137,138) (137,152) (107,122) (121,122) (136,137);

set F[123,124] :=  (123,138) (124,125) (124,139) (108,123) (122,123) (109,124);

set F[123,138] :=  (123,124) (138,139) (138,153) (108,123) (122,123) (137,138);

set F[124,125] :=  (124,139) (125,126) (125,140) (109,124) (123,124) (110,125);

set F[124,139] :=  (124,125) (139,140) (139,154) (109,124) (123,124) (138,139);

set F[125,126] :=  (125,140) (126,127) (126,141) (110,125) (124,125) (111,126);

set F[125,140] :=  (125,126) (140,141) (140,155) (110,125) (124,125) (139,140);

set F[126,127] :=  (126,141) (127,128) (127,142) (111,126) (125,126) (112,127);

set F[126,141] :=  (126,127) (141,142) (141,156) (111,126) (125,126) (140,141);

set F[127,128] :=  (127,142) (128,129) (128,143) (112,127) (126,127) (113,128);

set F[127,142] :=  (127,128) (142,143) (142,157) (112,127) (126,127) (141,142);

set F[128,129] :=  (128,143) (129,130) (129,144) (113,128) (127,128) (114,129);

set F[128,143] :=  (128,129) (143,144) (143,158) (113,128) (127,128) (142,143);

set F[129,130] :=  (129,144) (130,131) (130,145) (114,129) (128,129) (115,130);

set F[129,144] :=  (129,130) (144,145) (144,159) (114,129) (128,129) (143,144);

set F[130,131] :=  (130,145) (131,132) (131,146) (115,130) (129,130) (116,131);

set F[130,145] :=  (130,131) (145,146) (145,160) (115,130) (129,130) (144,145);

set F[131,132] :=  (131,146) (132,133) (132,147) (116,131) (130,131) (117,132);

set F[131,146] :=  (131,132) (146,147) (146,161) (116,131) (130,131) (145,146);

set F[132,133] :=  (132,147) (133,134) (133,148) (117,132) (131,132) (118,133);

set F[132,147] :=  (132,133) (147,148) (147,162) (117,132) (131,132) (146,147);

set F[133,134] :=  (133,148) (134,135) (134,149) (118,133) (132,133) (119,134);

set F[133,148] :=  (133,134) (148,149) (148,163) (118,133) (132,133) (147,148);

set F[134,135] :=  (134,149) (135,150) (119,134) (133,134) (120,135);

set F[134,149] :=  (134,135) (149,150) (149,164) (119,134) (133,134) (148,149);

set F[135,150] :=  (150,165) (120,135) (134,135) (149,150);

set F[136,137] :=  (136,151) (137,138) (137,152) (121,136) (122,137);

set F[136,151] :=  (136,137) (151,152) (151,166) (121,136);

set F[137,138] :=  (137,152) (138,139) (138,153) (122,137) (136,137) (123,138);

set F[137,152] :=  (137,138) (152,153) (152,167) (122,137) (136,137) (151,152);

set F[138,139] :=  (138,153) (139,140) (139,154) (123,138) (137,138) (124,139);

set F[138,153] :=  (138,139) (153,154) (153,168) (123,138) (137,138) (152,153);

set F[139,140] :=  (139,154) (140,141) (140,155) (124,139) (138,139) (125,140);

set F[139,154] :=  (139,140) (154,155) (154,169) (124,139) (138,139) (153,154);

set F[140,141] :=  (140,155) (141,142) (141,156) (125,140) (139,140) (126,141);

set F[140,155] :=  (140,141) (155,156) (155,170) (125,140) (139,140) (154,155);

set F[141,142] :=  (141,156) (142,143) (142,157) (126,141) (140,141) (127,142);

set F[141,156] :=  (141,142) (156,157) (156,171) (126,141) (140,141) (155,156);

set F[142,143] :=  (142,157) (143,144) (143,158) (127,142) (141,142) (128,143);

set F[142,157] :=  (142,143) (157,158) (157,172) (127,142) (141,142) (156,157);

set F[143,144] :=  (143,158) (144,145) (144,159) (128,143) (142,143) (129,144);

set F[143,158] :=  (143,144) (158,159) (158,173) (128,143) (142,143) (157,158);

set F[144,145] :=  (144,159) (145,146) (145,160) (129,144) (143,144) (130,145);

set F[144,159] :=  (144,145) (159,160) (159,174) (129,144) (143,144) (158,159);

set F[145,146] :=  (145,160) (146,147) (146,161) (130,145) (144,145) (131,146);

set F[145,160] :=  (145,146) (160,161) (160,175) (130,145) (144,145) (159,160);

set F[146,147] :=  (146,161) (147,148) (147,162) (131,146) (145,146) (132,147);

set F[146,161] :=  (146,147) (161,162) (161,176) (131,146) (145,146) (160,161);

set F[147,148] :=  (147,162) (148,149) (148,163) (132,147) (146,147) (133,148);

set F[147,162] :=  (147,148) (162,163) (162,177) (132,147) (146,147) (161,162);

set F[148,149] :=  (148,163) (149,150) (149,164) (133,148) (147,148) (134,149);

set F[148,163] :=  (148,149) (163,164) (163,178) (133,148) (147,148) (162,163);

set F[149,150] :=  (149,164) (150,165) (134,149) (148,149) (135,150);

set F[149,164] :=  (149,150) (164,165) (164,179) (134,149) (148,149) (163,164);

set F[150,165] :=  (165,180) (135,150) (149,150) (164,165);

set F[151,152] :=  (151,166) (152,153) (152,167) (136,151) (137,152);

set F[151,166] :=  (151,152) (166,167) (166,181) (136,151);

set F[152,153] :=  (152,167) (153,154) (153,168) (137,152) (151,152) (138,153);

set F[152,167] :=  (152,153) (167,168) (167,182) (137,152) (151,152) (166,167);

set F[153,154] :=  (153,168) (154,155) (154,169) (138,153) (152,153) (139,154);

set F[153,168] :=  (153,154) (168,169) (168,183) (138,153) (152,153) (167,168);

set F[154,155] :=  (154,169) (155,156) (155,170) (139,154) (153,154) (140,155);

set F[154,169] :=  (154,155) (169,170) (169,184) (139,154) (153,154) (168,169);

set F[155,156] :=  (155,170) (156,157) (156,171) (140,155) (154,155) (141,156);

set F[155,170] :=  (155,156) (170,171) (170,185) (140,155) (154,155) (169,170);

set F[156,157] :=  (156,171) (157,158) (157,172) (141,156) (155,156) (142,157);

set F[156,171] :=  (156,157) (171,172) (171,186) (141,156) (155,156) (170,171);

set F[157,158] :=  (157,172) (158,159) (158,173) (142,157) (156,157) (143,158);

set F[157,172] :=  (157,158) (172,173) (172,187) (142,157) (156,157) (171,172);

set F[158,159] :=  (158,173) (159,160) (159,174) (143,158) (157,158) (144,159);

set F[158,173] :=  (158,159) (173,174) (173,188) (143,158) (157,158) (172,173);

set F[159,160] :=  (159,174) (160,161) (160,175) (144,159) (158,159) (145,160);

set F[159,174] :=  (159,160) (174,175) (174,189) (144,159) (158,159) (173,174);

set F[160,161] :=  (160,175) (161,162) (161,176) (145,160) (159,160) (146,161);

set F[160,175] :=  (160,161) (175,176) (175,190) (145,160) (159,160) (174,175);

set F[161,162] :=  (161,176) (162,163) (162,177) (146,161) (160,161) (147,162);

set F[161,176] :=  (161,162) (176,177) (176,191) (146,161) (160,161) (175,176);

set F[162,163] :=  (162,177) (163,164) (163,178) (147,162) (161,162) (148,163);

set F[162,177] :=  (162,163) (177,178) (177,192) (147,162) (161,162) (176,177);

set F[163,164] :=  (163,178) (164,165) (164,179) (148,163) (162,163) (149,164);

set F[163,178] :=  (163,164) (178,179) (178,193) (148,163) (162,163) (177,178);

set F[164,165] :=  (164,179) (165,180) (149,164) (163,164) (150,165);

set F[164,179] :=  (164,165) (179,180) (179,194) (149,164) (163,164) (178,179);

set F[165,180] :=  (180,195) (150,165) (164,165) (179,180);

set F[166,167] :=  (166,181) (167,168) (167,182) (151,166) (152,167);

set F[166,181] :=  (166,167) (181,182) (181,196) (151,166);

set F[167,168] :=  (167,182) (168,169) (168,183) (152,167) (166,167) (153,168);

set F[167,182] :=  (167,168) (182,183) (182,197) (152,167) (166,167) (181,182);

set F[168,169] :=  (168,183) (169,170) (169,184) (153,168) (167,168) (154,169);

set F[168,183] :=  (168,169) (183,184) (183,198) (153,168) (167,168) (182,183);

set F[169,170] :=  (169,184) (170,171) (170,185) (154,169) (168,169) (155,170);

set F[169,184] :=  (169,170) (184,185) (184,199) (154,169) (168,169) (183,184);

set F[170,171] :=  (170,185) (171,172) (171,186) (155,170) (169,170) (156,171);

set F[170,185] :=  (170,171) (185,186) (185,200) (155,170) (169,170) (184,185);

set F[171,172] :=  (171,186) (172,173) (172,187) (156,171) (170,171) (157,172);

set F[171,186] :=  (171,172) (186,187) (186,201) (156,171) (170,171) (185,186);

set F[172,173] :=  (172,187) (173,174) (173,188) (157,172) (171,172) (158,173);

set F[172,187] :=  (172,173) (187,188) (187,202) (157,172) (171,172) (186,187);

set F[173,174] :=  (173,188) (174,175) (174,189) (158,173) (172,173) (159,174);

set F[173,188] :=  (173,174) (188,189) (188,203) (158,173) (172,173) (187,188);

set F[174,175] :=  (174,189) (175,176) (175,190) (159,174) (173,174) (160,175);

set F[174,189] :=  (174,175) (189,190) (189,204) (159,174) (173,174) (188,189);

set F[175,176] :=  (175,190) (176,177) (176,191) (160,175) (174,175) (161,176);

set F[175,190] :=  (175,176) (190,191) (190,205) (160,175) (174,175) (189,190);

set F[176,177] :=  (176,191) (177,178) (177,192) (161,176) (175,176) (162,177);

set F[176,191] :=  (176,177) (191,192) (191,206) (161,176) (175,176) (190,191);

set F[177,178] :=  (177,192) (178,179) (178,193) (162,177) (176,177) (163,178);

set F[177,192] :=  (177,178) (192,193) (192,207) (162,177) (176,177) (191,192);

set F[178,179] :=  (178,193) (179,180) (179,194) (163,178) (177,178) (164,179);

set F[178,193] :=  (178,179) (193,194) (193,208) (163,178) (177,178) (192,193);

set F[179,180] :=  (179,194) (180,195) (164,179) (178,179) (165,180);

set F[179,194] :=  (179,180) (194,195) (194,209) (164,179) (178,179) (193,194);

set F[180,195] :=  (195,210) (165,180) (179,180) (194,195);

set F[181,182] :=  (181,196) (182,183) (182,197) (166,181) (167,182);

set F[181,196] :=  (181,182) (196,197) (196,211) (166,181);

set F[182,183] :=  (182,197) (183,184) (183,198) (167,182) (181,182) (168,183);

set F[182,197] :=  (182,183) (197,198) (197,212) (167,182) (181,182) (196,197);

set F[183,184] :=  (183,198) (184,185) (184,199) (168,183) (182,183) (169,184);

set F[183,198] :=  (183,184) (198,199) (198,213) (168,183) (182,183) (197,198);

set F[184,185] :=  (184,199) (185,186) (185,200) (169,184) (183,184) (170,185);

set F[184,199] :=  (184,185) (199,200) (199,214) (169,184) (183,184) (198,199);

set F[185,186] :=  (185,200) (186,187) (186,201) (170,185) (184,185) (171,186);

set F[185,200] :=  (185,186) (200,201) (200,215) (170,185) (184,185) (199,200);

set F[186,187] :=  (186,201) (187,188) (187,202) (171,186) (185,186) (172,187);

set F[186,201] :=  (186,187) (201,202) (201,216) (171,186) (185,186) (200,201);

set F[187,188] :=  (187,202) (188,189) (188,203) (172,187) (186,187) (173,188);

set F[187,202] :=  (187,188) (202,203) (202,217) (172,187) (186,187) (201,202);

set F[188,189] :=  (188,203) (189,190) (189,204) (173,188) (187,188) (174,189);

set F[188,203] :=  (188,189) (203,204) (203,218) (173,188) (187,188) (202,203);

set F[189,190] :=  (189,204) (190,191) (190,205) (174,189) (188,189) (175,190);

set F[189,204] :=  (189,190) (204,205) (204,219) (174,189) (188,189) (203,204);

set F[190,191] :=  (190,205) (191,192) (191,206) (175,190) (189,190) (176,191);

set F[190,205] :=  (190,191) (205,206) (205,220) (175,190) (189,190) (204,205);

set F[191,192] :=  (191,206) (192,193) (192,207) (176,191) (190,191) (177,192);

set F[191,206] :=  (191,192) (206,207) (206,221) (176,191) (190,191) (205,206);

set F[192,193] :=  (192,207) (193,194) (193,208) (177,192) (191,192) (178,193);

set F[192,207] :=  (192,193) (207,208) (207,222) (177,192) (191,192) (206,207);

set F[193,194] :=  (193,208) (194,195) (194,209) (178,193) (192,193) (179,194);

set F[193,208] :=  (193,194) (208,209) (208,223) (178,193) (192,193) (207,208);

set F[194,195] :=  (194,209) (195,210) (179,194) (193,194) (180,195);

set F[194,209] :=  (194,195) (209,210) (209,224) (179,194) (193,194) (208,209);

set F[195,210] :=  (210,225) (180,195) (194,195) (209,210);

set F[196,197] :=  (196,211) (197,198) (197,212) (181,196) (182,197);

set F[196,211] :=  (196,197) (211,212) (181,196);

set F[197,198] :=  (197,212) (198,199) (198,213) (182,197) (196,197) (183,198);

set F[197,212] :=  (197,198) (212,213) (182,197) (196,197) (211,212);

set F[198,199] :=  (198,213) (199,200) (199,214) (183,198) (197,198) (184,199);

set F[198,213] :=  (198,199) (213,214) (183,198) (197,198) (212,213);

set F[199,200] :=  (199,214) (200,201) (200,215) (184,199) (198,199) (185,200);

set F[199,214] :=  (199,200) (214,215) (184,199) (198,199) (213,214);

set F[200,201] :=  (200,215) (201,202) (201,216) (185,200) (199,200) (186,201);

set F[200,215] :=  (200,201) (215,216) (185,200) (199,200) (214,215);

set F[201,202] :=  (201,216) (202,203) (202,217) (186,201) (200,201) (187,202);

set F[201,216] :=  (201,202) (216,217) (186,201) (200,201) (215,216);

set F[202,203] :=  (202,217) (203,204) (203,218) (187,202) (201,202) (188,203);

set F[202,217] :=  (202,203) (217,218) (187,202) (201,202) (216,217);

set F[203,204] :=  (203,218) (204,205) (204,219) (188,203) (202,203) (189,204);

set F[203,218] :=  (203,204) (218,219) (188,203) (202,203) (217,218);

set F[204,205] :=  (204,219) (205,206) (205,220) (189,204) (203,204) (190,205);

set F[204,219] :=  (204,205) (219,220) (189,204) (203,204) (218,219);

set F[205,206] :=  (205,220) (206,207) (206,221) (190,205) (204,205) (191,206);

set F[205,220] :=  (205,206) (220,221) (190,205) (204,205) (219,220);

set F[206,207] :=  (206,221) (207,208) (207,222) (191,206) (205,206) (192,207);

set F[206,221] :=  (206,207) (221,222) (191,206) (205,206) (220,221);

set F[207,208] :=  (207,222) (208,209) (208,223) (192,207) (206,207) (193,208);

set F[207,222] :=  (207,208) (222,223) (192,207) (206,207) (221,222);

set F[208,209] :=  (208,223) (209,210) (209,224) (193,208) (207,208) (194,209);

set F[208,223] :=  (208,209) (223,224) (193,208) (207,208) (222,223);

set F[209,210] :=  (209,224) (210,225) (194,209) (208,209) (195,210);

set F[209,224] :=  (209,210) (224,225) (194,209) (208,209) (223,224);

set F[210,225] :=  (195,210) (209,210) (224,225);

set F[211,212] :=  (212,213) (196,211) (197,212);

set F[212,213] :=  (213,214) (197,212) (211,212) (198,213);

set F[213,214] :=  (214,215) (198,213) (212,213) (199,214);

set F[214,215] :=  (215,216) (199,214) (213,214) (200,215);

set F[215,216] :=  (216,217) (200,215) (214,215) (201,216);

set F[216,217] :=  (217,218) (201,216) (215,216) (202,217);

set F[217,218] :=  (218,219) (202,217) (216,217) (203,218);

set F[218,219] :=  (219,220) (203,218) (217,218) (204,219);

set F[219,220] :=  (220,221) (204,219) (218,219) (205,220);

set F[220,221] :=  (221,222) (205,220) (219,220) (206,221);

set F[221,222] :=  (222,223) (206,221) (220,221) (207,222);

set F[222,223] :=  (223,224) (207,222) (221,222) (208,223);

set F[223,224] :=  (224,225) (208,223) (222,223) (209,224);

set F[224,225] :=  (209,224) (223,224) (210,225);

param numPeriods := 28;

param numCrews := 30;

param workload := 0    1    0    1    2    1    1   16    1    2    3    3    2   17    0    3    4    1    3   18    3    4    5    3    4   19    0    5    6    4    5   20    3    6    7    2    6   21    2    7    8    2    7   22    1    8    9    2    8   23    2    9   10    4    9   24    3   10   11    3   10   25    1   11   12    4   11   26    2   12   13    1   12   27    4   13   14    4   13   28    2   14   15    3   14   29    2   15   30    1   16   17    1   16   31    2   17   18    1   17   32    4   18   19    0   18   33    1   19   20    0   19   34    1   20   21    2   20   35    1   21   22    4   21   36    2   22   23    0   22   37    4   23   24    4   23   38    2   24   25    0   24   39    1   25   26    2   25   40    2   26   27    1   26   41    3   27   28    3   27   42    1   28   29    0   28   43    1   29   30    1   29   44    2   30   45    2   31   32    0   31   46    1   32   33    4   32   47    0   33   34    4   33   48    3   34   35    2   34   49    2   35   36    1   35   50    2   36   37    4   36   51    2   37   38    2   37   52    1   38   39    2   38   53    3   39   40    3   39   54    1   40   41    1   40   55    4   41   42    0   41   56    4   42   43    4   42   57    3   43   44    0   43   58    1   44   45    1   44   59    3   45   60    0   46   47    3   46   61    0   47   48    3   47   62    2   48   49    3   48   63    3   49   50    4   49   64    4   50   51    1   50   65    3   51   52    0   51   66    0   52   53    3   52   67    2   53   54    2   53   68    4   54   55    3   54   69    3   55   56    4   55   70    4   56   57    2   56   71    0   57   58    1   57   72    4   58   59    0   58   73    2   59   60    0   59   74    4   60   75    3   61   62    2   61   76    2   62   63    0   62   77    3   63   64    0   63   78    0   64   65    2   64   79    0   65   66    4   65   80    4   66   67    3   66   81    0   67   68    3   67   82    2   68   69    4   68   83    3   69   70    4   69   84    2   70   71    2   70   85    4   71   72    0   71   86    0   72   73    0   72   87    1   73   74    4   73   88    4   74   75    0   74   89    1   75   90    2   76   77    2   76   91    3   77   78    3   77   92    1   78   79    2   78   93    0   79   80    4   79   94    0   80   81    0   80   95    1   81   82    0   81   96    2   82   83    1   82   97    4   83   84    4   83   98    0   84   85    3   84   99    1   85   86    2   85  100    2   86   87    4   86  101    2   87   88    4   87  102    1   88   89    3   88  103    3   89   90    2   89  104    3   90  105    3   91   92    0   91  106    0   92   93    4   92  107    0   93   94    0   93  108    2   94   95    4   94  109    3   95   96    0   95  110    1   96   97    2   96  111    4   97   98    0   97  112    4   98   99    3   98  113    1   99  100    0   99  114    2  100  101    2  100  115    0  101  102    2  101  116    1  102  103    1  102  117    2  103  104    1  103  118    1  104  105    3  104  119    1  105  120    4  106  107    4  106  121    3  107  108    1  107  122    2  108  109    0  108  123    4  109  110    4  109  124    4  110  111    1  110  125    2  111  112    0  111  126    2  112  113    1  112  127    0  113  114    0  113  128    2  114  115    0  114  129    2  115  116    2  115  130    3  116  117    3  116  131    3  117  118    0  117  132    0  118  119    1  118  133    2  119  120    3  119  134    2  120  135    4  121  122    3  121  136    4  122  123    2  122  137    1  123  124    0  123  138    3  124  125    3  124  139    2  125  126    0  125  140    1  126  127    0  126  141    1  127  128    2  127  142    2  128  129    2  128  143    4  129  130    2  129  144    4  130  131    3  130  145    4  131  132    1  131  146    3  132  133    1  132  147    3  133  134    3  133  148    0  134  135    1  134  149    1  135  150    3  136  137    4  136  151    1  137  138    3  137  152    3  138  139    0  138  153    3  139  140    1  139  154    4  140  141    0  140  155    2  141  142    2  141  156    2  142  143    3  142  157    1  143  144    3  143  158    2  144  145    0  144  159    0  145  146    3  145  160    2  146  147    0  146  161    1  147  148    3  147  162    0  148  149    3  148  163    1  149  150    4  149  164    1  150  165    3  151  152    0  151  166    1  152  153    0  152  167    2  153  154    3  153  168    2  154  155    2  154  169    3  155  156    3  155  170    3  156  157    3  156  171    4  157  158    1  157  172    3  158  159    1  158  173    0  159  160    3  159  174    2  160  161    2  160  175    3  161  162    3  161  176    1  162  163    3  162  177    2  163  164    4  163  178    4  164  165    1  164  179    3  165  180    2  166  167    2  166  181    4  167  168    1  167  182    1  168  169    0  168  183    4  169  170    3  169  184    2  170  171    3  170  185    2  171  172    3  171  186    2  172  173    3  172  187    2  173  174    4  173  188    1  174  175    0  174  189    0  175  176    0  175  190    2  176  177    2  176  191    1  177  178    3  177  192    3  178  179    3  178  193    4  179  180    4  179  194    0  180  195    0  181  182    3  181  196    0  182  183    2  182  197    2  183  184    4  183  198    2  184  185    1  184  199    3  185  186    3  185  200    2  186  187    1  186  201    0  187  188    2  187  202    1  188  189    0  188  203    3  189  190    1  189  204    2  190  191    3  190  205    1  191  192    3  191  206    1  192  193    3  192  207    3  193  194    2  193  208    0  194  195    1  194  209    2  195  210    1  196  197    0  196  211    4  197  198    2  197  212    4  198  199    1  198  213    3  199  200    1  199  214    4  200  201    3  200  215    1  201  202    1  201  216    3  202  203    4  202  217    1  203  204    3  203  218    2  204  205    4  204  219    3  205  206    0  205  220    4  206  207    4  206  221    2  207  208    4  207  222    2  208  209    0  208  223    0  209  210    2  209  224    3  210  225    4  211  212    3  212  213    1  213  214    2  214  215    0  215  216    0  216  217    0  217  218    3  218  219    2  219  220    0  220  221    2  221  222    0  222  223    0  223  224    4  224  225    2;

param functionality := 0    1    1    1    2    0    1   16    0    2    3    0    2   17    0    3    4    0    3   18    0    4    5    0    4   19    0    5    6    0    5   20    0    6    7    0    6   21    0    7    8    0    7   22    0    8    9    0    8   23    0    9   10    0    9   24    0   10   11    0   10   25    0   11   12    0   11   26    0   12   13    0   12   27    0   13   14    0   13   28    0   14   15    0   14   29    0   15   30    0   16   17    0   16   31    0   17   18    0   17   32    0   18   19    0   18   33    0   19   20    0   19   34    0   20   21    0   20   35    0   21   22    0   21   36    0   22   23    0   22   37    0   23   24    0   23   38    0   24   25    0   24   39    0   25   26    0   25   40    0   26   27    0   26   41    0   27   28    0   27   42    0   28   29    0   28   43    0   29   30    0   29   44    0   30   45    0   31   32    0   31   46    0   32   33    0   32   47    0   33   34    0   33   48    0   34   35    0   34   49    0   35   36    0   35   50    0   36   37    0   36   51    0   37   38    0   37   52    0   38   39    0   38   53    0   39   40    0   39   54    0   40   41    0   40   55    0   41   42    0   41   56    0   42   43    0   42   57    0   43   44    0   43   58    0   44   45    0   44   59    0   45   60    0   46   47    0   46   61    0   47   48    0   47   62    0   48   49    0   48   63    0   49   50    0   49   64    0   50   51    0   50   65    0   51   52    0   51   66    0   52   53    0   52   67    0   53   54    0   53   68    0   54   55    0   54   69    0   55   56    0   55   70    0   56   57    0   56   71    0   57   58    0   57   72    0   58   59    0   58   73    0   59   60    0   59   74    0   60   75    0   61   62    0   61   76    0   62   63    0   62   77    0   63   64    0   63   78    0   64   65    0   64   79    0   65   66    0   65   80    0   66   67    0   66   81    0   67   68    0   67   82    0   68   69    0   68   83    0   69   70    0   69   84    0   70   71    0   70   85    0   71   72    0   71   86    0   72   73    0   72   87    0   73   74    0   73   88    0   74   75    0   74   89    0   75   90    0   76   77    0   76   91    0   77   78    0   77   92    0   78   79    0   78   93    0   79   80    0   79   94    0   80   81    0   80   95    0   81   82    0   81   96    0   82   83    0   82   97    0   83   84    0   83   98    0   84   85    0   84   99    0   85   86    0   85  100    0   86   87    0   86  101    0   87   88    0   87  102    0   88   89    0   88  103    0   89   90    0   89  104    0   90  105    0   91   92    0   91  106    0   92   93    0   92  107    0   93   94    0   93  108    0   94   95    0   94  109    0   95   96    0   95  110    0   96   97    0   96  111    0   97   98    0   97  112    0   98   99    0   98  113    0   99  100    0   99  114    0  100  101    0  100  115    0  101  102    0  101  116    0  102  103    0  102  117    0  103  104    0  103  118    0  104  105    0  104  119    0  105  120    0  106  107    0  106  121    0  107  108    0  107  122    0  108  109    0  108  123    0  109  110    0  109  124    0  110  111    0  110  125    0  111  112    0  111  126    0  112  113    0  112  127    0  113  114    0  113  128    0  114  115    0  114  129    0  115  116    0  115  130    0  116  117    0  116  131    0  117  118    0  117  132    0  118  119    0  118  133    0  119  120    0  119  134    0  120  135    0  121  122    0  121  136    0  122  123    0  122  137    0  123  124    0  123  138    0  124  125    0  124  139    0  125  126    0  125  140    0  126  127    0  126  141    0  127  128    0  127  142    0  128  129    0  128  143    0  129  130    0  129  144    0  130  131    0  130  145    0  131  132    0  131  146    0  132  133    0  132  147    0  133  134    0  133  148    0  134  135    0  134  149    0  135  150    0  136  137    0  136  151    0  137  138    0  137  152    0  138  139    0  138  153    0  139  140    0  139  154    0  140  141    0  140  155    0  141  142    0  141  156    0  142  143    0  142  157    0  143  144    0  143  158    0  144  145    0  144  159    0  145  146    0  145  160    0  146  147    0  146  161    0  147  148    0  147  162    0  148  149    0  148  163    0  149  150    0  149  164    0  150  165    0  151  152    0  151  166    0  152  153    0  152  167    0  153  154    0  153  168    0  154  155    0  154  169    0  155  156    0  155  170    0  156  157    0  156  171    0  157  158    0  157  172    0  158  159    0  158  173    0  159  160    0  159  174    0  160  161    0  160  175    0  161  162    0  161  176    0  162  163    0  162  177    0  163  164    0  163  178    0  164  165    0  164  179    0  165  180    0  166  167    0  166  181    0  167  168    0  167  182    0  168  169    0  168  183    0  169  170    0  169  184    0  170  171    0  170  185    0  171  172    0  171  186    0  172  173    0  172  187    0  173  174    0  173  188    0  174  175    0  174  189    0  175  176    0  175  190    0  176  177    0  176  191    0  177  178    0  177  192    0  178  179    0  178  193    0  179  180    0  179  194    0  180  195    0  181  182    0  181  196    0  182  183    0  182  197    0  183  184    0  183  198    0  184  185    0  184  199    0  185  186    0  185  200    0  186  187    0  186  201    0  187  188    0  187  202    0  188  189    0  188  203    0  189  190    0  189  204    0  190  191    0  190  205    0  191  192    0  191  206    0  192  193    0  192  207    0  193  194    0  193  208    0  194  195    0  194  209    0  195  210    0  196  197    0  196  211    0  197  198    0  197  212    0  198  199    0  198  213    0  199  200    0  199  214    0  200  201    0  200  215    0  201  202    0  201  216    0  202  203    0  202  217    0  203  204    0  203  218    0  204  205    0  204  219    0  205  206    0  205  220    0  206  207    0  206  221    0  207  208    0  207  222    0  208  209    0  208  223    0  209  210    0  209  224    0  210  225    0  211  212    0  212  213    0  213  214    0  214  215    0  215  216    0  216  217    0  217  218    0  218  219    0  219  220    0  220  221    0  221  222    0  222  223    0  223  224    0  224  225    0;

