obj = 22

T [*] :=
 1  1    5 10    9  3   13 12   17  7   21 14   25 19   29 15   33 22
 2  1    6 12   10  4   14 14   18  7   22 14   26 20   30 14   34 22
 3  6    7 14   11  5   15  1   19 10   23 16   27 22   31 14
 4  1    8  1   12 10   16  1   20 13   24 18   28 14   32 16
;

y [*,*]
:    1   2    :=
1    1   0
2    1   0
3    0   1
4    1   0
5    0   1
6    0   1
7    1   0
8    1   0
9    0   1
10   0   1
11   1   0
12   1   0
13   1   0
14   0   1
15   1   0
16   0   1
17   0   1
18   1   0
19   1   0
20   1   0
21   0   1
22   1   0
23   0   1
24   0   1
25   1   0
26   0   1
27   0   1
28   0   1
29   0   1
30   0   1
31   0   1
32   0   1
33   0   1
34   0   1
;

