obj = 20

T [*] :=
 1  1    5  9    9  1   13 11   17  3   21 12   25 18   29 14   33 20
 2  1    6 10   10  2   14 14   18  5   22 13   26 14   30 14   34 20
 3  6    7 12   11  6   15  1   19  8   23 12   27 20   31 16
 4  1    8  1   12 11   16  1   20 12   24 16   28 14   32 18
;

y [*,*]
:    1   2    :=
1    1   0
2    1   0
3    1   0
4    0   1
5    0   1
6    1   0
7    1   0
8    1   0
9    1   0
10   0   1
11   1   0
12   1   0
13   1   0
14   0   1
15   1   0
16   1   0
17   0   1
18   1   0
19   1   0
20   0   1
21   0   1
22   1   0
23   0   1
24   0   1
25   1   0
26   1   0
27   1   0
28   0   1
29   0   1
30   1   0
31   0   1
32   0   1
33   1   0
34   1   0
;

